10.97	11.34	10.75	11.31
11.02	11.05	10.39	10.42
10.72	10.77	10.47	10.58
10.74	11.28	10.68	11.02
11.08	11.20	10.86	10.91
10.76	10.94	10.72	10.91
10.72	10.83	10.21	10.38
10.51	10.81	10.20	10.33
10.60	10.63	10.40	10.46
10.46	10.77	10.42	10.67
10.69	11.02	10.43	10.63
10.63	10.80	10.24	10.24
10.24	10.60	10.18	10.34
10.66	10.92	10.60	10.84
10.74	11.13	10.60	10.76
10.47	10.58	10.25	10.39
10.33	10.52	10.11	10.44
10.58	10.72	10.31	10.51
10.67	10.91	10.55	10.77
10.94	11.51	10.85	11.41
11.47	11.82	11.34	11.75
12.04	13.61	11.96	13.26
14.93	15.77	14.34	14.59
14.59	14.75	14.02	14.60
14.59	16.20	14.34	16.20
16.17	16.96	15.91	16.24
16.57	17.56	16.14	17.21
17.22	18.65	16.99	18.28
18.47	18.94	17.29	17.45
16.44	16.54	14.05	14.16
13.77	14.76	13.50	14.75
17.02	17.15	15.54	16.85
16.69	16.95	16.00	16.29
16.51	16.68	16.26	16.61
16.45	16.61	16.31	16.51
16.04	16.04	15.65	15.74
15.08	15.48	15.00	15.27
16.22	16.30	15.80	16.26
16.18	16.59	15.67	16.54
16.85	16.92	16.22	16.22
16.05	16.18	15.54	15.80
15.57	16.03	15.43	15.94
15.58	15.70	14.87	14.95
14.89	15.48	14.40	14.69
14.51	15.03	14.30	14.48
14.95	15.15	14.73	15.08
15.64	16.85	15.54	16.84
17.13	17.48	16.95	17.29
17.41	17.80	17.11	17.78
18.27	18.58	17.86	18.02
18.30	18.52	17.36	17.88
18.29	18.38	17.79	18.38
18.13	18.52	17.51	17.77
18.01	18.13	17.64	17.67
17.56	17.65	17.22	17.39
17.07	17.31	16.87	16.99
16.92	17.19	16.47	16.59
16.79	17.65	16.68	17.61
17.67	18.12	17.61	17.95
17.73	17.82	17.26	17.57
17.67	17.77	17.33	17.64
17.67	17.77	17.20	17.21
16.92	16.92	16.23	16.33
16.31	16.81	16.26	16.68
17.01	17.12	16.31	16.46
16.04	16.84	16.04	16.68
16.54	16.59	15.43	16.31
16.67	17.33	16.52	17.28
17.67	17.78	16.38	16.40
16.17	16.53	15.53	15.99
16.01	16.20	15.28	15.51
15.52	15.65	15.30	15.33
15.17	15.26	14.51	14.56
14.47	15.08	14.23	14.60
14.39	14.62	14.16	14.24
14.43	14.53	13.85	13.86
13.67	13.86	13.54	13.63
13.99	14.17	12.85	12.87
12.90	13.56	12.90	13.27
13.52	13.63	12.84	13.02
13.16	13.47	13.05	13.43
13.18	13.67	12.88	13.33
13.21	13.49	13.00	13.47
13.48	13.65	13.12	13.65
13.77	14.06	13.64	14.04
14.04	14.21	13.68	13.97
13.69	14.05	13.64	13.72
13.82	14.24	13.81	14.10
14.01	14.19	13.82	14.06
13.89	13.97	13.37	13.56
13.19	13.64	13.12	13.59
13.56	13.69	12.92	13.09
13.18	13.30	12.73	13.10
12.99	13.23	12.69	13.20
13.27	13.60	12.97	13.00
13.42	13.66	13.31	13.54
12.96	13.05	12.84	12.92
13.00	13.18	12.85	12.85
13.10	13.27	12.99	13.20
12.74	12.92	12.54	12.91
13.04	13.06	12.57	12.73
12.97	13.09	12.85	13.02
13.16	13.49	13.16	13.46
13.40	14.01	13.18	14.01
14.01	14.08	13.76	13.87
14.02	14.09	13.85	13.97
13.88	13.93	13.67	13.80
13.76	13.87	13.51	13.81
13.86	13.97	13.64	13.67
13.91	14.06	13.84	14.05
14.27	14.69	14.22	14.65
14.93	15.10	14.44	14.51
14.47	14.82	14.31	14.74
15.00	15.58	14.88	15.42
15.45	15.80	15.45	15.60
15.72	16.27	15.68	16.25
16.20	17.09	16.12	17.04
17.10	17.51	16.89	17.33
17.33	17.47	16.48	17.07
17.01	17.29	16.78	16.84
16.85	17.35	16.84	17.34
17.36	17.71	17.33	17.40
17.50	17.85	17.37	17.42
17.29	17.29	16.68	16.85
16.83	17.26	16.68	17.18
17.22	17.35	16.69	16.69
16.68	16.98	16.37	16.46
16.37	16.84	16.31	16.75
16.86	17.20	16.85	17.05
17.33	17.48	17.07	17.26
17.18	17.37	17.10	17.21
17.28	17.54	17.21	17.39
17.47	17.59	16.91	17.01
16.93	18.02	16.93	18.02
17.98	18.59	17.85	18.40
18.51	18.89	18.46	18.86
18.70	18.89	18.33	18.46
18.49	18.55	18.02	18.44
18.57	18.69	18.30	18.46
18.40	18.91	18.30	18.90
18.88	18.89	18.16	18.22
18.41	18.70	18.28	18.46
18.34	18.52	18.17	18.37
18.33	18.60	18.27	18.50
18.50	18.92	18.40	18.70
18.76	19.61	18.58	19.52
19.62	19.76	19.25	19.43
19.56	19.93	18.63	18.90
19.18	19.35	18.74	18.81
18.96	19.48	18.90	19.42
19.53	19.66	19.10	19.23
19.35	19.67	19.07	19.66
19.55	19.89	19.50	19.75
19.46	19.50	18.63	18.81
18.63	18.89	18.18	18.87
18.57	18.58	17.97	18.10
18.13	18.31	17.83	18.02
18.14	18.51	18.03	18.38
18.29	18.32	17.87	18.04
18.26	18.49	18.09	18.09
18.34	18.64	18.28	18.56
18.83	19.43	18.77	19.10
19.43	19.53	19.11	19.24
19.14	19.22	18.74	18.88
18.67	18.85	18.47	18.66
18.76	18.88	18.34	18.87
18.89	19.15	18.74	19.15
19.18	19.26	18.60	18.65
18.65	19.03	18.57	18.76
18.87	19.29	18.87	19.19
19.14	19.37	19.00	19.24
19.34	19.86	19.23	19.69
19.64	20.44	19.55	20.31
20.50	20.91	20.48	20.83
20.93	21.13	20.86	20.95
20.84	20.86	20.42	20.48
20.38	21.00	20.17	20.86
21.16	21.41	21.04	21.36
21.23	22.59	21.23	22.59
22.66	23.08	22.53	23.07
23.07	23.34	22.57	22.64
22.35	23.17	22.35	23.10
23.09	23.63	22.80	23.41
23.72	24.04	23.21	23.21
23.38	23.44	22.39	22.66
22.43	22.82	22.20	22.47
22.39	23.69	22.39	23.67
23.48	23.81	23.04	23.28
23.36	24.19	23.34	24.09
24.17	24.24	22.94	22.96
22.51	22.83	21.88	21.88
21.88	22.78	21.47	22.09
23.15	23.32	22.79	23.32
22.98	23.44	22.81	23.27
22.02	23.02	21.94	22.42
22.90	22.90	20.91	21.00
20.61	20.98	19.34	19.55
19.50	20.37	18.96	20.10
20.57	21.66	20.20	21.37
21.63	22.00	20.91	20.99
20.94	21.64	20.93	21.61
22.83	23.32	22.49	23.32
23.74	24.12	23.21	23.60
23.30	23.78	23.22	23.47
23.44	23.49	22.85	22.85
22.50	23.01	22.27	22.79
22.79	23.91	22.62	23.85
23.55	23.84	22.96	22.96
23.57	23.91	23.36	23.52
23.09	23.28	21.80	21.94
21.79	22.65	21.35	22.40
22.40	22.59	21.75	21.96
21.88	22.42	21.63	21.99
22.34	22.38	22.10	22.27
22.43	22.53	21.93	22.10
22.29	22.47	21.94	22.30
21.88	22.00	21.15	21.25
21.27	21.83	21.27	21.42
21.46	21.66	20.93	20.93
20.93	21.72	20.72	21.72
21.84	22.29	21.81	21.86
21.90	22.09	21.20	21.35
21.53	22.11	21.23	21.72
21.90	22.05	21.59	21.72
21.75	21.75	21.33	21.51
21.56	22.26	21.56	22.11
22.16	22.52	22.16	22.45
22.59	22.83	22.35	22.62
22.62	23.12	22.54	22.88
22.88	23.25	22.74	23.25
23.09	23.13	22.71	22.78
22.95	23.83	22.95	23.83
23.73	23.99	23.65	23.73
23.78	23.91	23.53	23.67
23.67	23.93	23.64	23.91
22.98	23.54	22.79	22.99
23.40	23.59	23.18	23.34
23.45	23.59	22.85	23.58
24.09	24.42	23.97	24.16
23.98	24.21	23.45	23.54
23.60	23.88	23.41	23.56
23.55	24.04	23.48	23.93
24.04	24.07	23.75	23.75
23.80	23.99	23.43	23.78
23.81	24.38	23.81	24.29
24.43	25.42	24.35	25.38
25.40	25.72	24.67	24.92
25.63	26.45	25.45	26.45
26.29	26.40	25.93	25.97
25.64	25.80	24.99	25.26
25.38	25.73	25.06	25.73
25.97	26.26	25.76	25.85
25.56	26.01	25.22	25.63
25.52	26.18	25.06	25.58
25.88	26.05	24.72	24.92
25.37	25.44	24.92	25.14
25.23	25.63	24.89	25.42
25.46	25.72	25.08	25.33
25.63	26.02	25.25	25.78
25.88	26.20	25.71	25.96
26.00	26.09	25.55	26.04
26.08	26.68	26.06	26.36
25.82	27.29	25.63	27.22
27.00	27.52	26.83	27.24
27.41	27.75	27.20	27.68
27.68	28.13	27.66	28.13
28.05	28.44	27.88	28.21
28.22	28.76	27.44	27.60
27.25	27.69	26.84	27.40
28.05	28.10	27.40	27.80
27.74	27.93	27.46	27.54
27.63	28.91	27.63	28.91
28.67	29.12	28.66	29.11
29.21	29.21	28.58	28.76
28.67	28.72	27.98	28.08
27.96	28.26	27.57	27.78
27.95	28.62	27.80	27.89
28.14	28.46	27.91	28.17
28.15	28.84	28.11	28.24
28.37	28.63	27.59	28.44
28.34	28.60	27.70	27.87
28.18	28.33	27.18	27.27
27.16	27.77	26.75	27.27
27.52	27.64	26.41	26.64
26.56	27.69	26.43	27.48
27.35	27.72	27.09	27.44
27.44	27.81	27.36	27.56
27.31	27.77	27.10	27.68
27.58	27.69	27.28	27.57
27.51	28.53	27.41	28.53
28.59	28.80	28.18	28.28
28.09	28.36	27.99	28.11
28.05	28.49	27.89	28.14
28.09	28.46	27.92	28.18
28.33	28.47	27.53	27.62
27.77	27.82	26.89	27.20
27.07	27.55	26.59	27.02
27.07	27.28	26.83	27.27
27.31	27.57	26.96	27.36
27.16	27.27	26.75	26.82
26.66	26.73	25.41	25.52
25.72	26.73	25.56	26.62
26.37	27.15	26.27	26.74
26.93	27.08	25.84	25.96
26.17	26.45	25.77	26.03
26.70	26.96	26.25	26.88
26.68	27.09	26.41	27.09
26.88	27.38	26.59	26.64
26.89	27.36	26.73	27.04
27.01	27.49	26.89	27.30
27.49	28.22	27.30	28.20
28.11	28.21	27.66	28.16
28.13	28.13	26.88	26.89
27.05	27.76	26.91	27.53
27.17	27.48	26.75	26.78
26.85	27.39	26.73	26.92
27.35	27.78	27.28	27.78
27.82	28.97	27.82	28.56
28.75	29.41	28.59	29.40
29.38	29.38	28.67	28.99
28.85	29.01	28.69	28.86
28.69	28.69	27.77	28.09
20.94	24.74	20.94	22.73
23.57	24.01	23.07	23.38
22.83	23.00	21.73	22.21
22.42	22.60	22.19	22.50
23.01	23.66	22.91	22.92
23.04	23.41	22.60	23.08
23.18	24.09	23.09	23.97
23.83	23.90	23.47	23.82
23.87	24.17	23.82	24.06
24.09	24.31	23.39	23.66
23.79	23.93	23.14	23.39
23.57	23.74	23.10	23.37
23.09	23.42	22.75	22.87
22.96	23.85	22.85	23.62
23.93	24.04	23.77	23.83
23.61	23.64	23.10	23.47
23.57	23.75	22.87	23.03
23.03	23.13	22.35	22.51
22.73	22.92	22.48	22.82
22.88	23.30	22.65	22.75
22.72	23.20	22.71	22.86
22.98	23.11	22.42	22.51
22.52	22.52	21.63	21.67
21.81	21.89	21.41	21.57
21.59	21.83	21.47	21.65
21.76	21.77	21.24	21.28
21.49	22.56	21.41	22.45
22.23	22.46	21.70	21.76
21.90	22.11	21.46	22.02
22.18	22.43	21.84	22.11
22.22	22.41	22.13	22.31
22.44	22.73	22.32	22.66
22.46	22.85	22.39	22.75
22.88	22.96	22.39	22.58
22.61	22.68	22.35	22.46
22.71	22.77	22.02	22.19
22.22	22.50	22.07	22.41
22.40	23.41	22.35	23.36
23.57	24.13	23.18	23.98
24.06	24.35	23.98	24.20
24.29	24.57	24.25	24.52
24.51	24.51	24.22	24.42
24.34	24.43	24.15	24.40
24.44	24.64	24.28	24.49
24.57	24.98	24.55	24.71
24.59	24.96	24.40	24.53
24.55	24.64	23.99	24.19
24.42	24.79	24.41	24.64
24.64	24.74	24.00	24.05
24.22	24.35	23.79	23.83
23.78	23.87	23.67	23.81
23.93	24.03	23.84	23.90
24.04	24.59	23.94	24.36
24.48	25.51	24.34	25.38
25.38	25.76	25.29	25.59
25.63	25.79	25.42	25.68
25.79	26.21	25.62	26.08
26.10	26.60	25.91	26.09
25.82	25.84	25.36	25.69
25.98	26.01	25.42	25.59
25.61	25.89	25.51	25.58
25.69	26.39	25.61	25.76
26.08	26.28	25.70	25.70
25.99	26.07	25.32	25.50
25.40	25.52	25.00	25.12
25.24	25.40	24.84	25.36
25.62	25.96	25.50	25.56
26.60	26.92	26.37	26.84
26.83	27.04	26.56	26.79
26.85	26.99	26.65	26.89
26.95	27.15	26.74	26.84
26.96	26.96	26.40	26.63
26.39	26.41	26.10	26.35
26.40	26.53	25.88	25.92
26.07	26.22	25.47	25.73
25.97	26.78	25.97	26.62
26.72	26.87	26.49	26.64
27.65	27.69	26.73	26.87
27.11	27.55	27.00	27.53
27.53	27.61	27.16	27.36
27.57	28.45	27.57	28.23
28.26	28.59	27.84	27.97
28.14	28.47	27.63	28.17
27.89	28.45	27.74	28.18
28.21	28.92	28.12	28.62
28.59	29.04	28.49	29.02
29.04	29.15	28.59	28.80
29.07	29.47	28.80	29.12
29.70	30.18	29.55	29.78
29.67	29.72	29.38	29.56
29.89	30.00	29.15	29.15
29.50	29.64	29.28	29.28
29.41	29.65	28.69	29.13
29.24	29.24	28.75	28.98
29.19	29.56	29.03	29.40
29.17	29.40	28.99	29.36
29.36	30.53	29.36	30.52
30.42	30.61	30.08	30.59
30.59	31.45	30.51	30.63
30.80	31.26	30.40	31.15
30.75	30.95	30.24	30.80
31.06	31.37	30.97	31.36
31.15	31.43	31.07	31.31
31.45	31.52	31.21	31.36
31.35	31.47	31.14	31.47
31.28	31.51	31.09	31.51
31.47	31.68	31.26	31.41
31.15	31.38	30.84	31.21
31.26	31.48	31.15	31.48
31.36	31.38	30.38	30.38
30.51	30.75	30.11	30.65
30.80	31.34	30.73	31.15
31.47	31.75	30.76	30.76
30.76	31.05	30.52	30.63
30.47	30.51	29.32	29.55
29.63	29.94	28.92	28.92
29.36	29.39	28.54	28.54
28.67	28.92	27.80	28.02
28.03	28.20	27.53	27.79
27.53	27.58	26.35	26.40
26.84	27.90	26.66	27.78
27.80	27.85	26.96	27.08
27.24	27.25	26.02	26.26
26.35	26.52	25.78	26.30
26.51	26.76	25.63	25.64
25.92	26.97	25.85	26.89
26.85	27.57	26.74	27.36
27.77	27.93	27.57	27.80
27.97	28.06	27.40	27.64
27.53	27.80	27.07	27.68
27.64	27.65	27.29	27.53
27.43	27.43	26.84	27.15
27.50	27.83	27.20	27.56
27.63	27.77	26.29	26.29
26.24	26.24	25.26	25.26
25.28	26.03	24.99	25.98
26.15	26.99	26.08	26.61
26.57	27.28	26.04	26.22
26.09	27.02	25.73	27.02
26.33	26.45	25.71	25.97
26.57	26.69	26.11	26.11
26.45	26.68	25.90	25.90
25.77	26.46	25.51	26.46
26.74	26.98	25.70	25.82
25.69	26.02	25.42	25.72
25.71	26.13	25.63	25.87
26.22	26.42	25.94	26.23
26.11	26.33	25.87	26.08
26.30	26.42	26.06	26.09
26.22	26.73	25.95	26.39
26.32	26.63	26.26	26.46
26.45	26.93	26.45	26.76
26.78	27.15	26.78	27.10
27.25	27.39	26.90	26.90
27.15	27.85	27.15	27.85
28.00	28.28	27.77	28.21
28.36	28.73	28.30	28.49
28.51	28.69	28.16	28.49
28.47	28.56	28.21	28.56
28.43	28.60	28.24	28.29
28.10	28.43	27.77	28.16
28.29	28.97	28.21	28.82
28.49	28.92	28.46	28.90
28.90	29.13	28.90	29.03
29.15	29.33	29.04	29.26
29.27	30.08	29.14	29.96
30.08	30.08	29.37	29.76
29.86	30.29	29.56	29.56
29.60	29.78	29.19	29.66
29.58	30.01	29.34	29.78
30.02	32.16	29.98	32.16
32.46	33.42	32.27	33.14
32.93	33.17	32.56	32.96
32.52	32.96	32.39	32.82
33.32	33.95	33.32	33.55
33.35	33.90	33.30	33.65
33.25	33.47	33.06	33.20
32.82	33.33	32.19	32.21
31.85	33.93	31.57	33.61
33.59	34.37	33.41	33.65
33.86	34.04	32.58	32.58
32.69	32.81	31.52	32.00
32.19	33.60	32.19	33.46
33.85	34.02	33.48	33.75
33.97	34.11	33.56	34.10
34.02	34.34	33.15	33.51
33.20	34.64	33.11	34.52
34.43	35.04	34.43	34.79
36.48	36.58	35.66	35.86
35.92	36.10	35.50	35.86
35.94	36.47	35.94	36.40
36.26	36.47	35.77	36.02
35.77	36.29	35.12	35.39
35.37	35.72	35.19	35.62
35.36	36.03	35.01	35.87
35.89	36.47	35.65	36.17
36.40	37.37	36.40	36.97
36.61	37.07	36.23	36.69
37.39	37.65	36.47	36.90
36.98	37.43	36.60	37.15
37.15	37.15	36.53	36.88
37.02	37.11	36.37	36.59
36.58	36.65	35.76	36.00
35.90	36.16	35.50	36.16
36.19	36.47	35.84	35.90
35.90	36.02	35.20	35.22
35.50	35.62	34.96	35.27
35.39	36.07	35.16	36.07
35.68	36.22	35.02	35.22
35.00	35.69	34.72	35.04
35.59	35.69	35.06	35.58
35.52	35.56	34.11	34.47
34.15	34.56	33.84	34.44
34.59	35.37	34.45	35.01
34.94	35.02	34.19	34.19
34.38	34.71	33.70	33.71
33.07	34.29	32.98	34.27
35.55	35.56	34.82	34.94
34.92	34.92	34.08	34.70
34.65	34.84	33.00	33.55
33.94	33.94	32.51	32.97
32.68	33.57	32.68	33.30
33.30	33.57	33.13	33.17
33.21	33.33	32.04	32.12
32.27	32.50	30.83	30.91
31.24	31.85	31.09	31.64
31.81	32.77	31.81	32.32
32.45	32.50	32.03	32.43
32.09	32.31	31.83	32.05
31.83	31.83	31.07	31.42
31.61	31.84	30.95	31.19
30.94	31.64	30.57	31.60
31.81	32.00	31.49	31.91
32.03	32.22	31.68	31.85
31.94	32.03	31.12	31.32
31.09	31.26	30.49	30.55
30.65	30.85	29.81	29.84
29.81	30.06	29.47	29.78
29.96	30.38	29.64	29.69
29.93	30.82	29.81	30.61
30.73	31.89	30.62	31.83
31.49	31.49	30.50	30.71
30.93	31.11	30.31	30.54
30.50	30.86	29.28	29.73
29.28	29.28	28.69	29.04
28.97	29.57	28.97	29.38
29.28	29.28	27.93	27.95
27.52	28.08	26.89	27.77
28.52	28.52	27.12	27.12
27.53	28.10	27.36	27.78
27.41	27.62	27.06	27.15
26.19	26.73	25.83	26.33
26.70	26.80	25.63	25.92
25.43	25.43	23.76	24.22
24.52	24.79	23.83	24.44
24.48	26.11	24.47	25.94
26.68	26.79	24.95	26.25
26.74	26.88	26.36	26.73
26.41	26.51	24.90	25.13
24.84	25.05	23.56	23.57
23.20	23.37	21.41	22.89
22.98	23.81	21.56	23.09
23.46	23.66	22.26	22.26
22.56	23.45	22.36	23.02
23.17	23.40	22.27	22.98
22.95	23.08	21.68	21.68
21.74	21.82	20.89	21.59
21.28	21.78	20.95	21.01
20.84	23.00	20.73	22.39
22.87	23.20	22.41	23.14
22.98	23.15	22.24	22.28
22.59	22.85	22.23	22.37
22.61	23.17	22.30	23.15
23.23	23.61	22.97	23.31
23.35	24.20	22.77	22.84
22.77	24.26	22.77	24.20
24.57	24.82	24.08	24.47
24.30	25.31	24.23	25.31
25.45	25.82	25.36	25.41
25.62	26.25	25.29	26.25
26.34	26.43	25.42	25.54
25.36	25.77	24.96	25.21
25.64	25.93	24.91	24.99
24.87	25.72	24.67	25.64
25.64	26.21	25.64	26.15
26.01	26.74	25.88	26.73
26.70	26.92	26.13	26.41
26.29	27.57	26.23	27.36
27.32	27.68	26.94	27.05
26.76	27.46	26.07	27.36
27.90	28.63	27.54	28.28
28.34	28.51	28.03	28.25
28.51	28.69	28.24	28.31
28.47	28.98	28.47	28.81
28.81	28.92	27.81	27.89
28.10	28.60	27.85	28.17
28.34	28.56	28.14	28.30
28.14	28.21	27.56	27.82
27.67	28.56	27.67	28.31
28.13	28.87	28.05	28.57
28.79	29.64	28.70	29.33
29.50	29.62	29.12	29.43
29.54	29.78	28.49	28.82
28.92	29.12	27.97	28.13
28.51	29.12	28.44	28.81
28.39	28.47	27.05	27.31
27.14	27.65	26.79	27.49
27.85	28.56	27.61	28.47
27.80	28.11	27.49	27.49
28.08	28.28	27.49	27.62
27.40	27.69	26.80	26.96
26.84	27.06	25.92	26.16
26.01	26.15	24.93	24.95
25.11	26.11	24.88	26.09
25.96	26.45	25.23	25.33
25.89	26.03	25.02	25.44
25.77	26.52	25.73	26.41
26.47	26.71	26.16	26.33
26.51	27.21	26.40	26.94
26.80	26.80	25.78	25.86
25.92	26.59	25.70	26.15
25.82	25.88	25.43	25.51
25.44	25.53	24.71	24.85
24.53	25.31	24.34	24.77
25.28	25.76	24.60	25.58
25.71	25.88	24.89	25.12
24.47	24.48	23.86	24.00
24.31	24.46	23.83	23.99
24.22	24.26	23.52	23.66
23.70	23.97	23.21	23.84
23.79	24.72	23.71	24.64
24.65	25.77	24.56	25.62
25.46	26.23	25.20	25.42
25.92	25.96	25.30	25.62
25.77	26.55	25.45	26.45
26.36	26.64	25.60	25.80
25.18	25.80	25.00	25.61
25.71	26.01	25.33	25.56
25.73	26.28	25.73	26.23
25.87	26.01	25.41	25.56
25.63	25.80	24.48	24.54
25.75	27.39	25.71	27.30
30.38	30.72	28.93	29.83
29.21	31.14	29.08	30.64
31.28	31.49	30.01	31.11
35.14	35.38	33.46	33.91
33.76	34.46	33.31	33.67
33.15	33.15	32.20	32.34
32.98	33.13	31.92	32.42
32.91	33.35	32.45	32.72
33.16	34.29	33.16	34.15
33.64	34.51	33.49	34.51
34.12	34.70	33.95	33.95
34.57	34.60	34.00	34.19
34.59	34.91	34.47	34.61
34.06	34.87	33.95	34.74
34.76	34.96	33.91	34.06
34.41	34.99	34.20	34.81
35.14	37.13	34.39	37.13
38.21	38.60	35.77	36.14
36.98	37.65	36.20	37.48
37.70	37.85	36.10	36.91
37.13	37.80	36.81	37.56
37.80	37.84	37.08	37.66
36.87	37.50	36.64	36.84
37.12	37.37	35.48	35.94
36.91	37.11	35.16	35.23
35.14	36.25	34.49	35.99
36.26	36.85	35.82	36.57
36.63	36.99	36.02	36.18
36.23	36.46	35.52	36.25
36.51	37.39	36.30	37.38
37.39	38.45	37.17	38.29
37.75	38.29	37.53	38.21
38.54	39.26	38.16	38.88
39.35	40.04	39.12	39.20
39.41	39.99	38.18	38.50
38.53	39.69	38.21	39.39
39.61	40.05	38.80	40.02
39.69	40.14	39.33	39.55
39.59	39.63	38.74	39.05
39.88	39.88	38.53	38.57
38.58	39.02	37.91	38.21
38.37	38.62	38.00	38.57
38.06	38.81	37.68	38.81
38.80	39.31	38.34	38.52
38.45	38.70	37.26	37.37
37.88	38.12	37.15	37.59
37.88	38.26	37.57	37.69
37.71	38.80	37.38	38.64
38.39	39.03	38.30	38.66
38.61	39.05	38.18	38.34
38.58	38.95	38.38	38.41
38.58	39.21	38.41	38.41
38.58	39.06	38.41	38.64
38.62	39.25	38.37	38.65
38.39	38.92	37.75	38.92
38.83	39.55	38.63	39.55
39.62	40.75	39.33	40.75
40.52	43.59	40.42	42.61
42.51	43.13	41.97	42.77
42.16	43.71	42.03	42.77
42.80	43.37	42.22	42.49
42.61	43.00	41.06	42.04
42.38	42.38	41.64	41.92
41.61	42.78	41.35	42.51
42.49	42.87	42.19	42.70
42.70	43.71	42.51	43.71
43.42	43.80	42.93	43.18
43.26	43.32	42.68	42.77
42.81	43.38	42.42	42.93
42.97	43.33	42.56	42.56
42.63	42.74	41.85	42.32
42.42	42.89	42.04	42.25
42.46	43.32	42.25	43.13
43.12	43.46	42.74	42.92
42.11	43.15	42.11	42.35
42.96	43.79	42.60	43.79
43.86	44.36	43.37	44.36
44.72	46.26	44.61	45.47
45.22	45.69	44.92	45.69
45.35	46.86	44.99	46.56
46.18	47.96	46.18	47.96
47.20	47.27	45.01	45.01
45.59	46.27	43.96	45.30
45.22	46.27	44.63	45.36
45.59	45.75	44.04	44.04
44.55	46.87	44.54	46.72
46.72	47.12	45.29	45.66
46.65	48.21	45.66	48.04
48.00	48.66	47.59	48.07
47.68	48.07	46.92	47.59
47.74	49.03	47.64	47.80
48.48	48.69	46.43	46.43
46.85	47.24	46.38	46.65
47.08	47.36	46.54	46.97
47.50	47.60	46.21	46.23
46.31	46.83	46.03	46.47
46.44	46.64	45.89	45.94
46.03	46.16	44.72	44.80
44.94	45.59	44.85	45.42
45.53	46.15	44.70	44.80
44.80	45.11	44.40	44.63
44.50	46.34	44.11	46.21
46.33	47.63	46.32	47.34
47.44	47.74	46.49	47.34
47.19	48.41	46.93	47.95
47.95	48.04	46.92	47.71
47.66	48.17	47.45	48.07
48.41	48.45	47.66	47.78
47.95	48.00	46.61	46.73
46.74	46.90	45.52	45.55
45.76	45.89	44.09	44.72
43.74	43.75	42.15	42.23
42.05	43.31	41.72	42.85
43.43	43.72	42.37	43.67
42.80	42.80	40.36	40.60
41.69	43.22	41.23	42.68
43.20	43.82	42.80	43.06
43.84	44.13	43.38	43.67
43.95	44.22	43.21	43.33
43.87	44.16	42.49	42.80
43.20	43.67	42.44	43.39
43.55	44.08	43.23	43.66
43.57	43.79	43.15	43.66
43.37	43.37	42.50	42.98
43.32	43.56	42.74	43.38
43.21	43.45	42.55	43.01
41.58	42.90	41.08	41.50
41.97	42.37	40.95	41.62
41.67	42.77	41.28	42.35
42.68	43.18	41.58	41.82
42.28	43.67	42.16	43.38
43.27	43.27	42.61	42.87
43.46	43.80	43.18	43.76
43.65	43.78	42.54	42.77
42.70	43.66	42.36	43.56
43.48	44.01	43.20	43.79
44.04	44.62	42.98	43.80
44.01	44.26	43.62	43.94
43.75	44.29	43.56	44.08
44.30	44.57	44.16	44.44
43.92	44.09	43.65	43.77
43.56	44.11	42.77	44.11
43.95	45.12	43.95	45.02
45.19	45.48	44.48	45.18
45.34	45.42	44.26	44.55
43.21	43.84	42.55	42.55
43.38	43.46	42.19	42.53
42.15	42.24	41.38	41.98
41.55	41.58	40.29	40.51
40.33	41.24	39.52	40.05
40.06	41.57	39.85	41.38
41.63	43.84	41.63	43.72
44.08	44.25	43.24	43.53
43.40	44.12	43.13	43.76
44.14	44.51	43.85	44.25
44.67	45.56	44.67	45.22
45.30	46.34	45.10	45.81
45.51	46.19	45.24	45.76
45.66	46.47	45.62	46.42
46.21	46.97	45.69	46.21
46.67	46.94	46.17	46.58
46.73	47.31	46.49	47.31
47.23	47.31	45.75	45.90
46.53	47.23	45.98	47.17
47.28	47.46	46.77	46.82
46.52	46.65	45.55	46.31
46.82	47.27	46.33	47.26
47.39	47.48	46.52	46.83
46.81	47.18	45.95	46.20
46.01	46.16	44.75	45.25
45.15	45.75	44.93	45.25
45.56	46.64	45.49	46.42
46.16	47.05	45.80	47.03
47.13	47.97	47.13	47.44
47.47	48.28	47.16	47.58
47.31	48.06	46.81	46.98
47.46	48.15	47.21	48.13
47.68	48.54	47.44	48.16
48.64	48.64	47.81	48.26
48.91	48.99	47.88	48.07
48.14	48.61	47.28	47.54
47.86	48.68	47.06	48.62
49.10	49.45	49.00	49.34
49.28	49.63	48.68	49.39
49.45	49.61	49.11	49.17
49.82	49.91	48.20	48.68
48.51	48.51	47.32	47.68
47.99	48.07	46.42	46.52
46.77	46.93	45.76	46.35
46.60	46.75	46.17	46.39
46.42	46.73	46.17	46.33
46.57	47.73	46.48	47.33
46.81	47.44	46.59	46.60
47.01	47.18	46.57	46.72
46.83	46.92	45.97	45.97
46.21	47.17	46.14	46.87
46.92	47.05	44.86	44.98
45.51	45.52	44.74	44.76
44.94	45.37	44.63	45.29
45.00	45.42	44.03	44.85
44.90	44.98	44.10	44.21
44.61	45.22	43.65	43.75
43.70	44.24	43.00	43.70
42.77	43.71	42.48	42.75
43.45	44.00	43.19	43.55
43.27	43.73	42.61	43.67
44.49	44.52	43.43	43.73
43.79	44.08	43.30	43.46
42.75	42.82	42.08	42.09
42.07	43.23	41.93	42.73
42.08	42.17	40.94	41.35
41.35	41.81	40.55	40.97
41.55	41.72	40.64	40.87
41.23	41.86	40.07	40.18
40.34	40.49	39.49	40.16
41.10	42.68	40.98	42.60
42.80	42.92	41.90	42.12
41.64	42.02	40.39	40.49
40.99	41.30	39.52	39.76
40.89	41.12	39.19	39.95
39.56	39.95	39.35	39.50
39.87	40.77	39.70	40.63
40.74	41.99	40.66	41.70
41.70	42.19	40.94	40.95
40.94	41.78	40.23	40.34
40.92	41.42	40.56	41.24
41.57	43.07	41.57	42.68
43.18	44.61	43.18	44.61
44.67	45.56	44.43	44.99
45.39	45.53	44.08	44.31
44.62	45.06	43.23	43.27
43.75	43.80	42.91	43.48
43.53	43.93	42.46	42.56
42.60	43.05	41.93	42.42
42.01	42.95	41.77	42.90
42.96	43.70	42.71	43.56
43.84	44.10	42.29	42.34
42.56	43.44	42.46	43.36
42.94	43.22	42.42	42.80
42.90	43.05	41.38	41.55
41.52	41.52	40.57	41.31
41.47	41.86	40.94	41.33
41.21	41.73	40.97	41.09
41.21	41.57	41.19	41.29
41.39	41.39	40.58	40.68
40.39	40.39	39.26	39.33
39.62	41.04	39.48	41.04
41.08	41.31	40.40	41.11
40.83	40.95	39.59	39.61
40.02	40.13	38.85	38.85
39.45	40.14	39.04	40.11
40.10	40.59	39.86	40.31
40.65	41.10	40.59	40.89
40.96	41.27	40.60	40.82
40.73	40.91	40.06	40.11
40.20	41.07	39.74	40.80
41.04	41.38	40.36	40.76
41.65	42.15	41.21	41.69
41.93	42.32	41.45	42.04
42.12	43.16	42.06	42.87
42.87	43.79	42.44	42.94
43.22	43.54	42.29	42.61
42.80	43.51	42.67	43.14
43.31	44.22	43.18	44.06
44.01	44.48	43.89	44.01
44.03	44.78	43.02	44.63
44.28	44.38	43.41	43.50
43.87	44.20	42.95	43.37
43.61	43.98	42.91	43.18
43.27	43.88	43.12	43.45
43.46	43.91	42.87	43.16
43.51	43.91	42.96	43.16
42.88	43.23	42.16	42.56
42.31	42.93	42.03	42.77
42.53	43.03	41.97	42.30
42.09	42.28	41.49	41.61
41.78	42.32	41.44	42.13
42.46	42.61	41.65	41.65
41.97	42.09	41.39	41.47
41.43	42.11	41.33	42.00
42.09	42.76	41.88	42.62
42.63	42.78	42.17	42.47
42.25	42.28	41.55	41.94
42.13	43.18	41.55	43.15
42.78	43.45	42.45	43.38
43.42	43.75	43.21	43.59
43.59	44.07	43.23	43.23
43.89	44.40	43.72	44.12
44.13	44.79	44.04	44.75
44.81	44.92	44.05	44.38
44.29	44.65	44.01	44.20
44.08	44.61	44.05	44.33
44.27	44.44	43.44	43.69
43.80	44.10	43.34	43.63
43.90	44.72	43.76	44.72
44.67	45.25	44.24	44.39
44.58	45.03	43.77	43.77
44.01	44.76	43.82	44.76
44.57	46.37	44.48	46.31
46.00	46.78	45.82	46.78
46.60	46.72	45.95	46.68
46.60	48.11	46.40	48.11
48.01	48.71	47.88	48.65
48.80	49.08	47.79	48.43
48.55	48.77	48.28	48.28
48.80	49.35	48.62	49.19
48.55	49.29	48.31	49.11
48.85	48.85	47.98	48.46
48.46	48.49	47.82	48.11
48.24	48.45	47.59	47.67
47.74	47.85	46.40	46.68
46.78	47.03	45.32	45.60
45.71	46.19	45.36	46.12
45.98	46.18	45.50	45.87
45.66	45.75	44.66	45.01
45.23	45.52	44.79	45.22
45.60	45.97	45.47	45.84
45.73	46.05	45.05	45.54
45.31	45.40	43.95	44.24
44.62	44.80	44.17	44.56
44.40	47.07	44.25	47.07
46.99	47.07	46.45	46.45
45.78	46.69	45.47	46.00
46.45	46.77	45.80	46.37
46.64	46.97	45.24	45.32
44.54	45.72	44.24	45.54
44.91	44.92	44.16	44.40
44.41	44.92	43.91	44.60
45.07	45.35	44.13	44.13
44.97	46.89	44.95	46.10
46.64	46.67	45.03	45.31
45.31	46.02	45.05	45.35
45.45	45.72	44.69	44.91
45.65	47.22	45.42	46.92
47.43	47.89	46.33	47.19
46.94	47.12	46.15	46.47
46.53	46.60	45.33	45.59
45.80	45.95	45.08	45.22
44.77	45.62	44.54	45.33
45.26	46.03	44.94	45.43
45.73	45.77	44.52	44.96
44.62	45.00	44.21	45.00
42.93	42.94	41.60	41.67
41.29	43.85	40.89	42.19
42.52	42.93	41.08	42.29
43.13	43.75	42.68	43.44
43.02	43.62	41.57	42.17
42.79	43.01	41.48	42.44
41.70	41.99	38.98	39.72
38.51	39.35	38.03	38.98
35.44	37.04	33.55	34.70
36.43	37.47	34.68	36.86
35.57	35.75	31.55	32.68
27.02	29.57	24.59	29.47
33.54	34.86	29.34	33.10
28.23	30.36	27.35	28.41
29.05	30.81	27.82	29.27
26.99	27.91	23.40	25.13
23.60	25.62	21.63	23.49
24.99	25.81	22.51	22.82
23.13	23.13	20.28	20.78
22.40	24.52	22.03	23.89
23.99	28.30	23.82	26.66
27.15	29.30	27.10	28.29
26.64	27.30	25.93	26.41
26.75	27.27	26.19	26.79
27.02	27.30	25.37	25.80
24.90	25.25	24.11	24.84
24.95	25.73	24.36	25.07
24.85	24.89	23.13	23.64
25.13	26.18	24.76	25.70
27.26	28.23	26.99	27.16
27.12	28.28	26.45	27.72
28.09	28.58	27.27	27.63
27.55	28.05	26.56	28.04
28.64	29.28	27.76	28.13
27.29	27.99	26.84	27.57
27.85	28.13	26.66	26.96
27.35	27.81	26.87	27.35
26.84	27.29	26.40	26.89
26.74	26.97	26.49	26.72
27.02	27.43	25.55	26.08
25.57	25.63	22.22	22.92
23.60	24.25	23.23	23.85
25.19	27.07	25.10	27.00
27.79	27.96	26.59	27.50
26.19	26.64	25.77	26.31
25.32	25.73	24.98	25.72
25.93	26.42	25.50	25.81
25.87	26.03	24.77	24.97
25.38	25.39	24.13	24.45
24.95	25.64	24.80	25.20
24.90	26.03	24.80	25.11
25.38	25.49	24.29	24.38
24.67	24.85	23.35	23.87
23.13	24.80	22.89	24.72
24.54	25.07	23.91	24.30
25.12	25.71	24.67	25.41
25.23	25.71	24.63	24.66
24.99	25.58	24.78	25.39
25.58	27.11	25.42	27.07
26.72	26.97	25.82	26.90
27.74	29.15	27.58	29.09
30.07	30.48	27.98	28.58
29.27	29.27	28.23	28.61
28.32	29.11	27.96	28.34
28.23	28.60	27.54	28.60
28.48	29.76	28.29	29.57
30.16	30.46	29.87	30.36
31.90	32.39	31.32	32.12
31.86	32.91	31.02	32.33
34.81	35.33	32.40	32.63
33.15	34.07	32.84	33.77
32.88	34.32	32.50	33.04
33.65	33.69	31.59	31.64
30.54	31.36	30.37	30.78
29.62	30.84	29.33	30.48
31.92	32.09	30.63	30.87
30.94	32.19	30.88	31.99
31.63	32.51	31.29	31.85
32.31	32.50	31.38	31.55
31.66	31.85	30.54	30.82
31.29	31.51	30.63	31.02
30.86	31.10	29.54	29.84
29.92	30.59	29.69	30.43
30.21	30.43	29.44	29.47
29.78	31.09	29.56	31.08
30.73	30.74	29.64	29.74
30.00	30.79	29.78	30.60
31.13	31.69	30.54	30.64
30.65	31.00	30.24	31.00
31.80	32.38	31.54	31.98
31.74	31.80	30.80	30.89
31.21	31.65	31.02	31.49
31.63	31.76	31.30	31.44
31.37	31.78	31.05	31.61
31.88	32.20	31.27	31.35
31.32	31.85	31.00	31.78
32.12	32.46	31.83	32.03
31.85	31.99	31.55	31.85
31.98	32.84	31.90	32.83
32.83	33.02	32.28	32.68
33.10	33.50	32.63	32.83
32.97	32.99	32.13	32.62
32.50	32.55	31.66	31.73
31.38	32.04	31.15	31.42
31.34	32.46	31.04	32.36
32.12	33.10	31.99	32.39
32.71	33.27	32.68	33.21
32.71	32.88	31.95	32.31
32.32	32.34	31.07	31.14
31.74	32.43	31.27	31.76
31.40	32.02	30.55	30.82
31.31	31.45	30.45	30.83
31.22	31.86	30.66	31.83
31.48	32.33	31.10	31.58
31.59	32.02	31.25	31.82
32.09	32.30	31.38	31.46
31.48	31.85	30.72	31.27
31.37	31.84	30.54	30.63
30.63	31.00	30.35	30.74
30.64	30.87	29.52	29.81
30.45	30.51	29.98	30.39
30.49	30.50	30.08	30.21
29.71	30.29	29.53	30.14
30.07	30.62	29.92	30.50
30.78	31.84	30.74	31.32
31.73	31.79	30.94	31.07
31.03	31.32	30.01	30.19
30.44	31.28	30.30	30.65
30.95	31.38	30.90	31.29
31.27	31.27	30.57	30.68
31.04	31.46	30.82	31.07
31.14	31.26	30.65	31.12
31.08	32.57	31.00	31.72
31.93	32.19	31.26	31.73
31.41	31.54	30.96	31.16
31.45	31.56	30.86	31.10
31.03	31.36	30.34	30.34
30.51	30.61	29.70	29.98
30.27	30.60	29.77	30.48
30.61	30.61	29.92	30.03
30.12	30.63	30.04	30.08
29.86	30.32	29.77	30.18
29.99	30.05	29.24	29.34
28.84	29.22	28.56	29.10
28.97	29.75	28.81	28.90
28.97	29.04	28.23	28.33
28.33	29.02	28.09	28.57
28.39	28.63	28.14	28.43
28.83	29.82	28.28	28.50
28.61	28.81	27.91	27.92
28.16	28.27	27.67	28.06
28.00	28.08	27.38	27.86
27.61	28.87	27.53	27.83
28.12	28.53	27.55	28.42
28.66	28.93	28.08	28.24
28.35	28.59	27.91	28.08
28.09	29.57	27.83	29.36
29.20	29.74	28.76	29.19
29.17	29.52	28.81	29.15
29.20	29.61	28.94	28.94
28.60	29.53	28.37	29.14
29.02	29.12	28.40	28.44
28.57	29.26	28.46	28.76
29.03	30.07	29.03	30.03
29.98	30.49	29.85	30.20
30.14	31.62	30.08	31.55
31.61	32.20	31.30	31.46
31.31	31.77	30.85	31.46
31.73	32.02	30.35	30.42
29.99	30.07	29.16	29.24
29.21	29.39	28.21	28.94
28.82	28.99	27.79	28.12
28.57	28.89	28.08	28.26
28.56	28.97	28.23	28.51
28.78	29.22	28.59	28.95
28.65	28.79	28.33	28.64
30.16	30.94	30.03	30.69
30.76	32.69	30.72	32.58
32.24	32.64	31.32	32.21
31.92	32.05	30.41	30.63
30.97	31.15	30.43	30.93
31.51	32.17	31.41	31.93
31.73	32.47	31.52	32.31
32.16	32.69	31.88	32.51
32.28	33.12	32.08	32.66
32.63	32.83	31.99	32.32
32.60	33.09	32.37	32.57
32.77	34.02	32.77	33.45
33.41	33.62	32.69	33.35
33.09	33.20	32.47	32.81
32.92	33.32	32.56	32.65
32.56	32.62	31.85	31.96
32.58	33.38	32.40	32.82
32.82	33.34	32.59	32.97
33.02	33.86	32.91	33.25
33.59	33.95	33.23	33.95
33.79	35.17	33.60	34.45
34.47	35.48	34.02	34.41
34.56	34.83	33.92	33.94
34.20	35.85	34.19	35.69
35.30	36.54	35.07	36.33
36.42	37.12	36.24	36.34
36.60	37.28	36.53	36.79
37.02	37.53	36.08	37.13
37.15	37.51	36.71	37.17
37.09	37.39	36.70	36.90
35.96	36.32	35.55	35.67
35.99	36.66	35.85	36.13
36.40	36.98	36.11	36.72
37.11	37.32	37.00	37.13
37.28	37.37	36.75	36.92
37.08	37.13	36.48	36.60
37.03	37.09	35.40	35.49
35.35	35.35	34.64	35.10
35.43	36.54	35.28	35.84
35.97	37.45	35.77	37.33
37.59	38.28	37.09	37.53
37.32	37.64	36.60	36.94
37.42	37.53	36.69	37.28
37.28	37.45	35.14	35.45
35.64	36.00	34.77	35.36
35.10	35.35	34.25	34.25
34.60	34.93	33.79	33.91
34.25	34.28	33.07	33.33
33.49	33.57	32.57	32.58
32.59	32.84	31.84	32.26
31.73	31.92	31.37	31.80
32.05	32.32	30.76	30.94
30.88	32.12	30.67	31.70
31.68	32.98	31.60	32.59
32.19	32.71	31.76	31.96
32.38	32.56	31.93	32.35
32.79	33.12	31.94	32.15
32.36	32.77	32.26	32.39
32.64	32.75	32.11	32.27
32.34	32.54	31.90	32.05
32.03	32.32	31.71	31.97
31.87	32.56	31.76	32.34
32.34	32.54	31.85	31.91
32.09	32.42	31.86	32.03
31.86	32.22	31.33	31.85
31.80	31.93	31.46	31.49
31.49	31.74	31.18	31.39
31.26	31.53	30.68	30.78
27.83	28.18	26.94	27.21
28.29	29.43	28.21	29.09
29.40	29.53	28.46	28.97
29.10	29.71	28.03	28.20
28.30	28.53	26.68	26.81
27.39	27.53	26.49	26.63
26.24	28.10	25.82	27.66
27.53	28.37	26.77	27.72
27.92	29.13	27.81	28.71
28.82	29.67	28.72	29.25
28.67	29.42	27.78	27.91
28.17	28.64	27.58	27.72
27.89	28.60	27.40	28.59
28.97	29.27	28.26	28.72
28.61	28.91	28.47	28.79
28.61	28.97	28.41	28.61
28.69	28.71	28.09	28.61
28.46	29.70	28.35	29.45
29.48	30.14	29.13	29.15
28.96	29.68	28.66	29.42
29.29	29.80	29.01	29.61
29.54	29.55	28.49	28.58
28.68	29.07	27.93	28.03
28.03	28.65	27.84	28.37
28.41	28.71	28.04	28.47
28.42	28.86	28.13	28.66
28.45	29.55	28.42	29.52
29.42	29.51	29.01	29.29
29.54	29.56	28.69	28.72
28.95	29.13	28.43	28.78
28.77	28.89	28.26	28.39
28.33	28.73	28.07	28.19
28.33	28.40	27.83	28.00
27.94	28.49	27.91	28.10
28.26	28.36	28.06	28.30
28.25	28.49	27.96	28.35
28.43	28.67	28.13	28.39
28.44	28.86	28.17	28.41
28.40	28.66	28.31	28.56
28.61	28.97	28.38	28.43
28.44	29.23	28.44	28.91
29.18	29.19	28.46	28.63
28.70	29.07	28.64	28.93
28.94	29.32	28.68	28.87
28.85	28.89	28.47	28.57
28.78	29.15	28.66	29.08
29.08	29.29	28.38	28.51
28.48	28.66	28.25	28.48
28.63	28.82	28.36	28.55
28.69	28.76	28.02	28.19
28.39	28.39	27.66	28.09
28.06	28.24	27.78	28.06
28.79	29.25	28.57	28.75
28.83	29.33	28.69	29.08
28.89	29.32	28.82	29.31
29.13	29.59	28.97	29.08
29.27	30.08	29.17	29.86
30.33	30.45	29.71	29.89
30.07	30.58	29.88	30.41
30.43	31.07	30.43	30.81
30.52	31.49	30.26	31.38
31.44	31.67	31.26	31.54
31.67	31.88	31.39	31.73
31.96	32.05	31.81	31.87
31.96	32.04	31.26	31.45
31.62	32.11	31.31	32.01
31.96	32.59	31.72	32.41
32.36	32.65	32.22	32.51
32.52	32.79	32.36	32.47
32.79	33.01	32.51	32.89
32.98	34.32	32.95	34.05
33.96	34.78	33.89	34.68
34.71	35.66	34.45	35.33
35.33	35.58	34.71	35.28
35.13	35.29	33.94	34.54
34.79	35.11	34.41	34.45
34.54	34.54	34.00	34.31
34.73	34.87	34.39	34.73
34.85	34.85	34.10	34.57
34.64	35.16	34.45	34.81
34.86	35.25	33.85	34.18
33.98	34.11	33.32	33.66
33.82	34.01	33.51	33.75
33.69	33.78	32.64	33.01
32.98	33.43	32.79	32.90
33.23	33.30	32.90	33.03
33.17	33.25	31.92	32.02
32.04	32.29	31.41	31.72
31.82	31.88	31.36	31.53
31.50	31.64	31.19	31.19
31.36	31.49	30.85	30.93
31.09	31.57	30.98	31.34
31.15	31.25	30.96	31.17
30.94	30.98	30.48	30.61
30.87	31.08	30.44	31.05
30.37	31.02	30.23	30.97
31.16	31.78	31.12	31.78
31.54	31.72	31.25	31.62
31.90	32.52	31.59	31.71
31.64	31.92	31.10	31.28
31.44	31.65	30.70	30.70
30.56	30.83	30.47	30.74
30.74	31.32	30.46	31.23
31.16	31.76	31.16	31.44
31.51	31.67	31.02	31.07
31.13	31.35	30.76	30.85
30.88	31.46	30.88	31.32
31.19	31.69	31.15	31.58
31.69	32.01	31.53	31.98
32.01	32.04	31.36	31.47
31.19	31.67	30.61	30.83
31.12	31.90	31.09	31.24
31.37	31.47	30.58	30.98
30.90	30.99	30.31	30.58
31.19	31.67	29.97	29.99
30.23	31.04	30.06	30.96
30.90	31.39	30.63	30.65
30.73	31.22	29.82	29.87
30.00	30.01	29.42	29.66
29.62	29.72	28.80	28.95
29.10	29.22	28.40	28.72
28.69	29.24	28.57	28.73
28.72	28.89	28.21	28.47
28.62	29.28	28.48	28.60
28.44	29.10	28.33	28.91
28.69	29.04	28.55	28.67
28.94	29.29	28.85	29.29
29.82	30.23	29.61	30.15
29.95	30.07	29.62	30.07
29.81	30.06	29.52	29.58
29.80	30.07	29.49	29.92
29.96	30.06	29.63	29.67
29.79	30.37	29.73	29.94
30.00	30.29	29.86	29.92
29.79	29.93	28.62	28.73
28.89	29.01	28.27	28.62
28.62	29.17	28.50	29.11
28.84	28.88	27.84	28.01
28.07	28.80	27.68	28.68
28.98	29.39	28.45	28.74
29.21	29.45	28.90	29.31
29.08	29.33	28.75	28.93
28.92	28.94	28.58	28.69
28.59	29.27	28.49	29.17
28.91	29.19	28.49	28.56
27.99	28.23	27.41	27.81
28.14	28.42	27.77	28.28
28.66	29.45	28.56	29.04
29.16	29.39	28.93	29.17
28.93	29.20	28.83	28.96
28.92	29.85	28.83	29.46
29.26	29.84	28.71	28.86
29.17	29.33	28.91	29.04
29.25	29.25	28.52	28.54
28.69	29.25	28.56	29.20
29.16	29.19	28.58	28.85
28.96	30.42	28.85	30.10
29.80	30.38	29.48	30.22
30.37	30.71	29.82	29.98
30.14	30.86	30.12	30.61
30.69	30.81	30.23	30.25
30.36	30.61	29.98	30.42
30.62	30.77	30.19	30.34
30.45	31.43	30.24	31.33
30.88	31.99	30.77	31.85
31.49	31.49	30.18	30.45
30.64	31.17	30.19	30.24
30.14	30.60	29.00	29.59
29.29	29.29	27.58	28.65
28.73	29.44	28.73	29.21
28.95	29.19	28.61	28.88
28.94	29.55	28.83	29.05
28.91	28.95	28.30	28.38
28.83	28.83	28.06	28.27
28.62	29.24	28.48	28.91
28.71	29.49	28.58	29.29
29.04	29.17	28.13	28.31
28.66	29.22	28.54	28.96
28.66	29.31	28.58	29.13
30.04	30.26	29.09	29.09
29.17	30.70	29.15	30.43
30.73	30.76	29.84	29.84
29.95	30.32	29.62	29.80
29.92	30.09	29.18	29.38
29.41	29.75	28.95	28.97
29.02	29.10	28.56	28.75
28.81	29.02	28.57	29.02
28.91	29.18	28.48	28.55
28.88	29.77	28.30	29.69
29.40	30.35	29.31	30.24
30.37	31.81	30.30	31.81
30.75	31.23	30.55	30.76
31.18	31.64	30.81	30.81
30.71	31.84	30.22	31.84
32.50	32.80	31.30	31.30
31.69	32.40	31.64	32.16
32.21	32.66	31.83	32.20
32.73	33.60	32.62	33.07
33.60	33.60	32.48	32.60
32.78	32.95	32.30	32.75
32.80	32.92	31.88	32.02
32.26	32.87	32.02	32.50
32.50	33.07	32.23	32.23
32.48	32.92	31.90	32.06
32.21	32.23	30.74	31.51
31.71	32.14	31.09	31.41
31.12	31.32	30.14	30.18
29.97	29.97	29.24	29.42
29.75	30.10	29.50	29.50
29.60	29.65	29.16	29.33
29.30	29.48	29.16	29.22
29.25	29.49	29.20	29.28
29.34	29.39	29.01	29.11
29.18	29.31	28.94	28.96
29.13	29.19	28.77	28.85
29.13	29.76	28.80	28.82
29.12	29.15	28.62	28.85
28.82	28.98	28.20	28.37
28.42	28.86	28.20	28.60
28.61	28.82	28.40	28.63
28.54	29.09	28.45	28.78
28.72	29.02	28.68	28.90
28.92	29.36	28.85	29.18
29.06	30.02	29.06	29.65
29.70	30.67	29.70	30.41
30.45	30.69	30.05	30.47
30.31	30.94	30.23	30.74
30.96	31.29	30.71	31.01
31.11	31.50	31.00	31.20
31.15	31.54	30.89	31.20
31.13	31.75	30.95	31.35
31.24	32.39	31.08	32.16
32.31	32.63	31.68	31.85
31.99	32.71	31.95	32.29
32.29	32.59	32.02	32.49
32.44	32.94	32.27	32.66
32.80	32.83	32.35	32.61
32.52	32.60	31.77	32.07
32.08	32.58	32.02	32.29
32.20	32.41	32.01	32.23
32.13	32.38	31.84	31.86
31.82	32.37	31.49	32.20
32.10	32.51	31.70	31.92
32.00	32.64	31.86	32.27
32.46	33.59	32.44	33.40
33.40	33.74	33.12	33.54
35.50	35.70	34.94	35.13
35.18	35.79	35.11	35.33
35.31	35.73	35.17	35.33
35.41	36.23	35.38	36.10
36.14	36.23	34.97	35.28
35.40	36.11	35.37	35.61
35.80	36.12	35.61	35.79
34.63	35.10	34.09	34.65
34.71	35.21	34.53	35.21
35.10	35.80	34.93	35.60
34.85	35.23	34.56	34.77
34.63	34.77	33.53	33.90
33.52	33.77	32.30	32.45
32.66	32.99	32.37	32.70
33.11	34.61	33.06	34.55
34.32	34.51	33.55	34.10
34.26	34.70	33.24	33.42
