17.87	18.41	17.68	18.37
18.11	18.22	17.29	17.33
17.49	18.01	17.49	17.80
17.93	18.63	17.68	17.84
17.91	18.33	17.91	18.04
18.00	18.26	17.87	18.03
17.87	17.94	17.44	17.53
17.64	17.82	17.28	17.28
17.48	17.76	17.35	17.57
17.41	18.06	17.35	17.92
17.96	18.47	17.73	17.94
17.79	17.95	17.48	17.95
17.86	18.14	17.68	18.01
18.21	19.00	18.17	19.00
18.91	19.04	18.48	18.48
18.40	18.60	17.99	18.60
18.54	18.69	18.03	18.16
18.44	18.61	18.02	18.21
18.50	18.64	18.20	18.36
18.63	19.23	18.56	19.17
19.33	19.71	18.99	19.42
19.53	20.59	19.53	20.22
21.24	21.93	20.75	21.12
21.08	21.38	20.31	21.23
21.15	22.04	21.05	21.99
22.07	22.31	21.42	21.42
21.73	22.55	21.51	22.14
22.00	22.66	21.68	22.61
22.78	23.03	22.34	22.54
21.65	22.03	20.88	21.55
21.27	21.27	20.17	20.92
22.39	23.21	21.64	22.90
22.87	22.87	22.33	22.73
22.63	22.82	22.52	22.77
22.56	22.72	22.04	22.43
22.07	22.14	21.09	21.25
20.74	21.16	20.74	21.08
21.62	21.89	21.51	21.79
22.00	22.23	21.48	22.05
22.06	22.33	21.82	22.02
21.98	22.36	21.37	21.61
21.42	21.91	21.16	21.86
21.86	21.86	20.84	20.84
20.66	21.12	20.41	20.92
20.71	21.01	20.53	20.60
20.81	21.05	20.81	21.05
21.49	22.63	21.49	22.07
22.23	22.44	21.84	22.28
22.49	23.26	22.23	23.08
23.62	23.87	23.01	23.34
23.38	23.39	22.41	22.43
22.71	22.73	22.19	22.55
22.55	22.63	21.80	22.60
22.63	22.80	22.44	22.52
22.45	22.45	21.98	22.41
22.02	22.43	21.99	22.43
22.43	22.43	21.87	22.05
22.11	22.82	22.06	22.78
22.78	23.20	22.76	22.94
22.93	23.40	22.63	23.30
23.25	23.50	22.80	23.11
23.38	23.39	22.32	22.34
21.86	21.86	21.16	21.36
21.36	21.86	21.31	21.86
21.86	22.05	21.26	21.36
21.26	21.49	21.12	21.39
21.36	21.58	20.69	21.58
21.70	22.37	21.58	22.14
22.41	22.76	22.27	22.45
22.66	22.71	22.09	22.58
22.58	22.65	21.52	21.77
21.78	21.99	21.68	21.99
22.00	22.00	21.33	21.61
21.43	22.02	21.18	21.77
21.56	21.63	21.23	21.45
21.70	21.73	21.29	21.39
21.30	21.46	20.88	21.43
21.46	21.69	21.11	21.56
21.69	21.69	21.07	21.16
21.33	21.37	20.98	21.25
21.25	21.28	21.11	21.16
21.07	21.16	20.46	20.65
20.67	21.04	20.60	21.04
21.00	21.47	20.66	21.47
21.41	21.79	21.17	21.53
21.49	21.49	21.01	21.35
21.23	21.52	21.09	21.51
21.49	21.79	21.49	21.78
21.55	21.68	21.28	21.56
21.46	21.49	20.76	20.85
20.85	20.91	20.53	20.74
20.81	21.01	20.27	20.54
20.54	20.66	20.17	20.48
20.27	20.75	20.12	20.66
20.82	21.04	20.49	20.97
21.09	21.21	20.92	21.03
20.83	20.92	20.60	20.92
20.87	21.12	20.48	20.60
20.68	21.01	20.57	20.82
20.26	20.81	20.04	20.57
20.57	20.57	20.01	20.01
20.11	20.74	19.86	20.44
20.95	20.95	20.57	20.60
20.60	21.21	20.31	21.11
21.18	21.62	21.06	21.44
21.66	21.74	21.37	21.57
21.35	21.45	21.12	21.37
21.36	21.36	20.72	21.26
21.39	21.72	21.26	21.26
21.48	22.04	21.27	22.04
22.02	22.33	21.89	22.14
22.14	22.37	21.83	21.84
21.84	22.47	21.84	22.47
22.47	23.25	22.37	23.18
23.18	23.42	22.90	23.30
22.94	23.91	22.94	23.66
23.65	23.88	23.45	23.75
23.75	23.91	23.45	23.90
23.70	23.99	23.34	23.64
23.50	23.83	23.48	23.70
23.83	23.87	23.53	23.72
23.66	23.78	23.50	23.50
23.50	23.75	23.45	23.65
23.50	23.63	22.99	23.51
23.45	23.78	23.25	23.78
23.84	23.84	23.51	23.62
23.60	23.91	23.55	23.67
23.67	24.48	23.58	24.48
24.48	25.17	24.40	24.52
24.52	24.84	24.38	24.58
24.57	24.72	24.51	24.61
24.61	24.94	24.60	24.64
24.64	24.72	24.18	24.42
24.47	24.76	24.42	24.64
24.90	25.07	24.67	24.88
25.42	25.88	24.93	25.67
25.56	25.85	25.48	25.48
25.56	25.85	25.33	25.80
25.77	25.94	25.58	25.75
25.75	25.85	25.42	25.63
25.59	25.59	25.18	25.40
25.61	25.67	24.84	25.18
25.18	25.18	24.84	25.13
25.18	25.18	24.57	24.68
24.68	25.57	24.68	25.38
25.07	25.95	25.07	25.67
25.77	25.92	25.49	25.92
26.10	26.10	25.06	25.19
25.39	25.92	25.14	25.76
25.93	26.55	25.83	26.43
26.43	26.47	26.11	26.19
26.02	26.58	25.91	26.35
26.34	26.34	26.03	26.27
26.15	26.15	25.04	25.04
24.97	25.73	24.85	25.73
25.52	25.52	24.80	25.04
25.14	25.43	25.03	25.43
25.42	26.03	25.37	26.03
25.76	25.79	25.15	25.23
25.33	25.60	25.26	25.42
25.42	25.84	25.42	25.58
25.58	25.79	25.18	25.67
25.77	26.21	25.55	26.04
26.02	26.22	25.60	26.02
26.02	26.02	25.49	25.49
25.60	25.77	25.33	25.74
25.81	26.09	25.52	26.09
25.94	26.15	25.65	25.68
25.74	25.89	25.60	25.60
25.74	26.24	25.58	26.24
26.23	26.93	26.13	26.61
26.61	27.17	26.61	26.93
26.87	27.30	26.83	27.29
27.17	27.59	27.08	27.45
27.60	27.89	27.49	27.59
27.46	27.60	27.35	27.48
27.56	27.80	27.20	27.46
27.74	27.94	27.69	27.92
27.95	28.32	27.90	28.32
28.33	28.85	28.22	28.67
28.57	28.69	28.08	28.08
28.08	28.44	28.08	28.32
28.35	28.45	27.89	28.19
28.25	28.34	28.10	28.18
28.16	28.26	27.80	27.99
27.97	28.18	27.85	27.85
27.80	28.96	27.80	28.96
28.74	29.19	28.59	28.91
29.26	30.20	29.26	30.13
30.27	30.27	29.11	29.17
29.21	29.53	28.42	28.42
28.41	29.06	28.33	28.59
29.06	29.53	28.89	29.15
29.04	29.74	29.02	29.31
27.86	29.34	27.81	28.53
28.92	28.92	26.48	27.37
27.11	27.52	26.49	26.95
26.93	27.19	26.33	26.61
26.80	27.75	26.76	27.75
27.90	27.98	26.70	27.02
27.02	27.47	27.02	27.20
27.29	27.73	27.29	27.62
27.72	28.11	27.37	27.64
27.40	27.97	27.32	27.55
27.74	27.74	27.17	27.19
27.02	27.22	26.92	27.14
27.14	27.27	26.89	26.99
26.91	27.24	26.69	26.69
27.05	27.79	27.05	27.64
27.26	27.26	26.06	26.39
25.85	26.71	25.13	26.50
26.55	26.57	26.12	26.26
25.91	26.63	25.87	26.58
26.58	26.66	26.24	26.38
26.40	26.64	26.22	26.60
26.49	26.70	26.24	26.62
26.19	26.36	25.31	25.31
25.36	25.95	25.31	25.76
25.56	25.92	25.40	25.67
25.47	25.89	25.10	25.49
25.71	25.81	25.24	25.31
25.40	25.56	24.65	24.96
24.98	25.44	24.85	25.44
25.45	25.58	25.02	25.47
25.48	25.61	25.24	25.58
25.85	26.40	25.79	26.13
26.13	26.60	26.00	26.14
26.33	26.35	25.98	26.06
26.07	26.78	25.93	26.50
26.50	27.49	26.22	27.49
27.11	27.41	26.93	27.22
27.45	28.06	27.35	28.03
27.87	28.43	27.87	28.43
28.24	28.53	28.06	28.49
28.52	28.94	28.12	28.52
28.50	28.61	28.25	28.40
28.46	28.76	28.07	28.40
28.42	28.59	28.13	28.43
28.60	29.11	28.60	28.94
29.09	29.10	28.31	28.31
28.34	28.55	28.11	28.55
28.55	29.24	28.37	29.24
29.24	29.24	28.89	29.08
28.90	29.09	28.43	28.96
28.82	29.09	28.61	28.99
29.04	29.62	28.85	29.60
29.60	29.81	29.17	29.59
29.59	30.33	29.50	30.15
30.14	30.45	30.07	30.28
30.11	30.18	29.17	29.17
29.34	29.55	29.14	29.50
29.57	29.79	29.17	29.44
29.44	29.75	29.11	29.54
29.43	30.14	29.28	29.84
30.09	30.30	29.53	29.57
30.16	30.85	30.07	30.69
30.76	31.59	30.36	31.59
31.60	32.03	31.33	31.95
32.02	32.26	31.72	32.26
32.12	33.06	31.66	31.90
31.90	31.90	31.59	31.84
31.87	32.95	31.85	32.95
32.78	33.02	32.17	32.58
32.53	32.68	32.07	32.68
32.68	32.87	32.48	32.85
33.03	33.49	32.83	33.49
33.40	33.66	33.14	33.48
33.50	34.03	32.79	33.11
32.74	33.14	32.72	32.75
32.76	33.14	32.63	33.05
33.03	33.03	32.30	32.57
32.57	33.17	32.56	33.10
33.14	33.23	32.74	33.16
33.17	33.17	32.38	32.59
32.66	32.70	32.05	32.30
32.16	32.42	31.97	32.40
32.74	32.90	32.14	32.44
32.58	32.85	32.06	32.85
32.79	32.93	32.50	32.61
32.65	32.98	32.15	32.78
32.73	32.73	32.10	32.11
32.12	32.46	31.54	31.71
31.64	32.00	31.34	31.92
31.91	31.94	30.76	31.09
30.79	31.69	30.79	31.39
31.16	31.44	31.03	31.35
31.28	31.65	31.25	31.53
31.35	32.17	31.13	32.08
31.93	32.03	31.63	31.71
31.69	32.24	31.61	32.08
32.09	32.13	31.69	32.04
32.02	32.02	31.45	31.61
31.61	31.94	31.44	31.76
31.50	31.99	31.50	31.86
31.89	31.92	31.31	31.54
31.55	31.55	31.03	31.31
31.31	31.68	31.20	31.68
31.49	31.66	31.16	31.31
31.45	31.67	30.82	31.20
31.20	31.36	30.92	31.24
31.24	31.24	30.49	30.70
31.02	31.84	30.63	31.70
31.67	31.87	31.31	31.87
31.88	31.88	31.47	31.61
31.72	31.72	31.20	31.24
31.71	31.90	31.31	31.83
31.81	31.92	31.53	31.88
31.84	32.13	31.66	31.91
31.92	32.29	31.92	32.12
32.25	32.25	31.87	31.89
32.16	32.97	32.16	32.97
33.26	33.35	32.29	32.55
32.65	32.65	31.24	31.56
31.85	31.89	31.43	31.87
31.85	32.12	31.76	32.04
31.90	32.30	31.90	32.30
32.69	32.69	32.16	32.40
32.66	32.83	32.31	32.69
32.72	33.05	32.52	32.84
32.93	33.06	32.65	33.04
33.06	33.23	32.73	32.93
32.78	33.00	32.37	32.69
29.69	30.18	28.34	29.43
29.98	30.44	29.84	30.06
29.97	29.97	28.73	29.08
29.17	29.88	29.17	29.56
29.89	30.33	29.89	29.90
30.13	30.28	29.47	29.65
29.65	30.30	29.64	30.22
30.22	30.28	29.98	30.20
30.07	30.38	30.07	30.19
30.30	30.52	30.07	30.23
30.24	30.53	29.72	29.96
30.05	30.25	29.79	30.05
29.98	30.16	29.76	29.92
29.78	30.65	29.78	30.43
30.69	31.08	30.59	30.81
30.59	30.73	30.40	30.73
30.72	30.78	30.32	30.49
30.48	30.54	30.03	30.46
30.45	30.90	30.45	30.82
30.86	31.30	30.85	31.15
30.91	31.08	30.66	30.95
30.92	31.34	30.87	31.24
31.06	31.15	30.13	30.44
30.45	30.63	30.09	30.38
30.44	30.44	30.03	30.17
30.30	30.58	29.85	30.08
30.25	30.54	30.07	30.44
30.47	30.59	30.19	30.35
30.36	30.54	29.98	30.24
30.50	30.55	29.96	30.29
30.35	30.62	30.21	30.49
30.52	30.90	29.99	30.59
30.63	30.93	30.54	30.71
30.81	31.11	30.59	30.70
30.93	30.93	30.50	30.73
30.77	30.77	30.22	30.25
30.27	30.46	30.09	30.34
30.34	30.69	30.34	30.59
30.65	31.11	30.36	30.75
30.74	31.10	30.74	30.82
30.95	31.25	30.79	31.25
31.22	31.24	31.00	31.16
30.93	31.11	30.79	31.01
31.11	31.27	30.91	31.04
31.09	31.16	30.47	30.81
30.81	30.90	30.56	30.77
30.99	31.09	30.78	30.87
30.87	31.04	30.74	30.83
30.83	31.00	30.72	30.79
30.83	31.03	30.77	30.87
30.80	30.86	30.62	30.83
31.03	31.10	30.53	31.01
31.42	32.03	31.37	31.83
31.84	32.20	31.67	32.05
32.04	32.44	31.87	32.28
32.27	32.61	31.99	32.26
32.28	32.69	32.27	32.46
32.55	33.11	32.55	32.73
32.60	32.60	32.36	32.44
32.35	32.48	31.86	32.06
32.06	32.33	31.91	32.08
32.08	32.93	32.06	32.54
32.83	33.26	32.80	32.97
32.87	33.51	32.87	33.20
33.21	33.21	32.62	32.88
32.85	33.45	32.82	33.45
33.42	33.42	32.78	33.02
33.24	33.81	33.19	33.71
33.66	34.40	33.54	34.26
34.27	34.34	33.27	34.20
34.23	34.23	33.79	34.02
34.01	34.19	33.79	34.10
33.86	34.11	33.62	34.11
34.11	34.11	33.66	34.04
34.07	34.07	33.53	33.79
34.07	34.59	33.90	34.38
34.16	34.40	34.16	34.31
34.42	34.77	33.82	34.18
34.31	35.33	34.31	35.03
34.88	35.31	34.88	35.28
35.28	36.21	35.28	35.70
35.77	36.11	35.62	35.75
35.77	36.19	35.53	36.03
35.73	36.41	35.68	35.76
35.84	36.77	35.84	36.50
36.55	36.94	36.41	36.63
36.63	37.07	36.22	36.78
36.53	36.86	36.03	36.41
36.40	36.86	36.11	36.23
36.31	36.54	35.97	36.17
36.05	36.19	35.84	36.13
36.09	36.32	35.86	36.20
36.27	36.31	35.81	36.10
36.06	36.15	35.81	36.10
36.13	36.53	36.13	36.41
36.43	36.66	36.05	36.48
36.48	37.43	36.41	37.29
37.30	37.57	37.04	37.31
37.39	38.12	37.39	37.45
37.35	37.43	36.63	37.12
37.12	37.12	36.52	36.72
36.88	37.55	36.88	37.19
37.09	37.47	37.05	37.31
37.56	37.76	37.10	37.68
37.57	37.59	37.19	37.36
37.45	37.45	37.11	37.12
37.09	37.49	36.99	37.35
37.34	37.34	36.54	37.32
37.32	37.62	37.08	37.26
37.27	37.37	36.75	36.89
36.99	37.16	36.57	36.92
37.12	37.38	36.71	37.38
37.46	37.90	36.99	37.48
37.55	37.71	37.09	37.64
37.53	37.70	36.42	37.16
37.28	37.37	35.67	36.45
36.51	36.51	35.57	35.57
35.91	36.09	35.54	36.00
36.05	36.15	35.55	35.83
35.83	35.83	34.96	35.21
35.47	36.49	35.36	36.14
36.14	36.14	34.95	35.11
35.15	35.48	34.59	35.48
35.47	35.69	34.82	35.69
35.68	35.69	34.95	35.24
34.87	36.15	34.87	36.15
36.09	36.53	35.75	36.31
36.32	36.91	36.32	36.64
36.86	36.86	36.38	36.38
36.27	36.29	35.11	36.18
36.18	36.23	35.68	35.98
36.02	36.17	35.29	36.06
36.49	36.85	36.26	36.72
36.60	36.64	35.73	36.12
35.89	35.89	35.10	35.21
35.23	35.50	34.68	35.04
35.13	35.50	34.79	35.39
35.39	36.08	35.08	35.23
34.93	35.31	34.58	34.98
34.88	35.36	34.24	35.11
35.54	36.15	35.49	35.90
35.88	36.25	35.79	35.96
35.89	36.43	35.50	36.27
36.31	36.90	36.08	36.25
35.12	35.41	34.94	35.07
35.20	35.74	35.04	35.74
35.89	35.95	34.65	35.24
35.41	35.41	34.94	34.94
35.32	35.42	35.00	35.24
35.24	35.89	35.08	35.62
35.24	35.41	35.19	35.24
35.27	35.79	35.24	35.67
35.81	35.86	35.51	35.68
35.80	35.90	35.65	35.89
36.17	36.67	35.96	36.67
36.67	36.95	36.30	36.95
36.95	37.55	36.88	37.36
37.36	37.63	37.06	37.62
37.27	37.49	37.12	37.41
37.39	37.39	36.88	36.88
36.86	37.10	36.68	37.02
37.07	37.83	37.07	37.83
37.63	37.63	37.18	37.35
37.33	37.52	37.28	37.47
37.60	38.02	37.53	37.73
37.73	38.16	37.67	38.16
37.97	38.31	37.94	38.26
38.26	38.53	38.11	38.41
38.42	39.17	38.33	38.98
38.70	39.74	38.66	38.82
39.07	40.79	39.07	40.79
41.17	42.70	41.11	42.49
42.50	42.62	41.78	42.22
42.15	42.15	41.33	41.85
41.97	42.89	41.97	42.26
42.33	42.71	41.84	42.56
42.07	42.52	41.76	42.33
42.27	42.42	41.36	41.42
41.31	42.48	41.27	42.19
42.23	42.63	41.37	41.39
41.60	42.26	41.11	41.33
41.36	42.03	40.92	41.50
41.81	43.00	41.81	43.00
43.05	43.57	43.05	43.57
43.81	43.81	42.96	43.34
43.67	43.71	43.24	43.39
42.99	44.11	42.99	44.11
44.19	45.52	44.15	44.71
44.81	45.28	44.56	45.02
45.02	45.17	44.26	44.96
45.18	45.23	44.65	44.84
44.19	44.83	44.19	44.44
44.25	44.34	43.54	43.54
43.64	43.95	43.42	43.85
43.83	44.60	43.12	44.55
44.45	45.24	43.95	45.24
45.53	45.75	44.94	45.31
45.31	45.34	44.20	45.10
45.14	45.32	44.39	44.68
44.81	45.29	44.67	45.29
45.24	45.59	45.24	45.53
45.51	45.59	44.98	45.36
45.36	45.72	43.29	44.71
44.77	44.94	44.07	44.84
44.56	45.30	44.55	44.55
44.68	44.68	43.69	43.97
43.97	44.31	43.59	43.85
44.21	44.21	43.63	43.77
43.76	44.19	43.50	43.70
43.69	44.57	43.65	44.24
44.51	44.80	43.96	44.46
44.65	44.76	43.57	43.68
43.74	44.33	43.45	44.18
44.73	45.07	44.45	45.07
45.07	45.20	44.76	44.99
45.14	45.35	44.76	45.15
45.05	45.15	43.91	44.86
45.34	45.65	44.49	44.89
45.07	45.08	44.32	45.08
44.88	45.20	44.19	44.26
44.27	44.70	44.18	44.70
44.70	45.36	44.46	45.25
45.38	45.42	44.82	45.15
45.31	45.33	43.97	44.01
44.33	44.36	43.17	43.22
43.46	44.31	43.22	44.31
44.47	45.39	44.47	45.15
45.11	45.20	44.25	44.51
44.38	44.84	43.95	44.69
44.66	44.69	43.69	43.82
43.87	44.69	43.29	43.67
43.47	44.35	43.33	44.35
44.46	44.97	44.04	44.86
45.14	45.19	44.45	44.84
44.85	44.88	44.06	44.06
44.04	44.04	42.51	42.51
42.67	42.87	41.80	41.95
41.96	42.15	41.50	41.50
42.03	42.30	41.35	41.76
41.76	41.97	41.28	41.82
42.01	42.08	41.17	41.85
42.11	42.87	42.11	42.72
42.72	42.84	42.06	42.10
42.43	42.43	41.26	41.44
41.44	41.49	40.54	41.18
41.27	41.85	41.11	41.32
41.49	41.49	39.74	39.75
39.91	40.35	38.77	39.84
40.16	40.20	38.92	39.58
39.74	40.47	39.31	40.17
39.93	40.04	39.48	39.83
39.57	39.86	38.88	39.86
39.93	39.97	39.17	39.36
39.36	39.38	38.00	38.03
38.47	38.82	37.68	37.77
37.98	38.49	37.68	38.18
38.23	39.06	37.85	38.63
38.90	39.46	38.89	39.19
38.98	39.30	37.98	38.14
38.39	38.39	37.23	37.33
37.05	37.06	35.03	36.97
37.07	37.18	35.88	36.57
36.98	37.58	35.58	35.74
35.97	36.13	35.38	35.82
36.12	36.12	34.57	35.09
35.28	35.41	34.08	34.09
34.18	34.63	33.58	34.63
34.63	34.63	33.54	33.77
33.48	35.54	33.48	35.47
35.96	36.20	35.03	35.73
35.97	35.97	34.72	34.83
35.10	35.48	34.53	35.03
35.06	35.35	34.10	35.04
35.04	35.68	34.69	34.88
34.91	35.16	34.36	34.36
34.03	35.37	34.03	35.22
35.19	35.97	35.19	35.88
35.88	35.90	35.34	35.78
36.23	36.89	36.00	36.82
36.84	37.14	36.80	37.10
37.50	37.50	36.61	36.89
36.89	37.20	36.62	36.81
36.75	37.60	36.75	37.60
37.21	37.64	37.20	37.51
37.65	37.89	37.52	37.80
38.00	38.76	37.71	38.57
38.57	39.04	38.34	38.77
38.83	39.99	38.65	39.89
39.54	39.87	39.27	39.70
39.50	39.50	38.80	39.12
39.77	40.77	39.77	40.65
40.80	40.80	39.38	39.78
40.60	40.60	39.93	40.23
40.19	41.20	40.19	40.99
41.00	41.06	40.17	40.48
40.51	41.00	40.36	40.61
40.75	41.49	40.60	41.21
40.93	41.10	39.80	40.00
39.68	40.39	39.68	40.32
40.28	40.72	39.78	40.12
40.39	41.00	40.31	41.00
41.00	41.00	40.46	40.50
40.55	40.98	40.04	40.55
40.55	40.83	39.70	39.70
39.80	40.32	39.30	39.60
39.46	39.46	38.23	38.46
38.45	38.81	37.93	38.74
38.74	39.60	38.74	39.60
39.09	39.41	38.70	39.10
39.40	39.55	38.98	39.14
38.87	38.87	38.11	38.64
37.80	38.06	37.50	37.94
37.94	37.94	37.05	37.26
37.26	37.76	36.73	37.71
37.60	37.71	36.66	36.82
36.81	37.41	36.61	36.91
37.30	38.12	37.17	38.00
37.91	38.10	37.81	37.94
38.05	38.43	37.81	37.85
37.85	37.85	37.05	37.05
37.07	37.99	37.07	37.40
37.30	37.53	37.10	37.26
37.41	37.48	36.67	36.67
36.62	37.38	36.60	37.10
37.16	37.89	37.10	37.64
37.90	38.39	37.80	38.20
37.86	37.86	37.00	37.38
37.69	37.73	36.54	36.54
36.68	36.95	36.54	36.64
36.64	37.13	36.60	36.70
36.83	37.68	36.66	37.53
37.59	38.10	37.49	37.64
37.64	38.07	37.29	37.79
37.90	38.39	37.47	37.47
37.93	38.98	37.79	37.79
37.81	38.18	37.01	37.10
36.89	37.29	36.62	36.99
37.28	38.24	37.26	37.86
37.74	38.45	37.74	38.34
38.19	38.30	37.70	37.70
37.70	38.41	37.46	37.70
38.35	39.06	38.35	38.74
39.73	41.50	39.73	40.59
40.58	40.79	39.55	40.26
41.12	41.36	40.39	40.69
42.60	44.28	42.31	43.01
43.05	43.15	42.28	42.60
42.59	42.60	41.29	41.30
41.30	41.83	40.35	40.81
40.85	41.50	40.75	40.82
40.95	42.40	40.95	42.21
42.01	42.69	41.95	42.50
42.60	42.91	41.50	41.81
41.93	42.15	40.92	41.44
41.45	42.05	41.36	41.82
41.44	41.80	41.10	41.79
41.75	41.96	40.70	40.70
41.00	41.90	40.85	41.69
41.69	41.97	41.21	41.79
42.55	43.25	40.77	41.45
41.19	42.76	40.45	42.76
42.77	43.30	41.96	42.39
42.21	43.56	42.21	43.56
43.56	44.63	43.51	44.63
44.60	44.71	44.00	44.15
44.31	44.88	44.17	44.78
44.77	45.00	43.56	43.62
43.96	44.53	43.48	44.53
44.60	44.60	43.83	44.60
44.44	44.66	43.34	43.75
43.98	44.16	43.30	43.70
44.17	45.10	44.15	45.00
45.10	45.54	44.91	45.30
30.28	30.55	29.90	30.02
30.35	30.49	29.90	30.30
30.30	30.30	29.82	29.91
30.10	30.32	29.25	29.49
29.77	30.23	29.47	30.21
30.22	30.80	30.00	30.79
30.75	31.00	30.55	30.90
30.93	31.30	30.66	30.86
31.33	31.49	30.38	30.58
30.78	30.85	29.99	30.41
30.41	30.52	30.15	30.32
30.19	30.47	29.75	30.47
30.47	30.73	30.06	30.32
30.39	30.45	29.58	29.60
29.86	30.04	29.29	29.82
29.90	30.20	29.75	29.96
30.00	30.56	29.80	30.56
30.56	30.56	30.16	30.44
30.33	30.36	29.86	29.86
30.08	30.13	29.81	29.91
30.13	30.30	29.68	29.68
30.04	30.04	29.48	29.80
30.15	30.15	29.25	29.30
29.29	29.29	28.56	29.00
28.97	29.63	28.90	29.49
29.51	30.30	29.51	30.05
30.05	32.27	30.05	31.96
31.31	32.30	31.31	32.25
32.25	32.40	31.63	31.71
31.95	32.30	31.90	32.12
32.12	32.29	31.71	32.20
32.39	32.57	32.19	32.50
32.50	32.76	32.30	32.50
32.50	32.58	32.05	32.13
32.35	32.50	32.20	32.50
32.50	32.50	31.69	32.06
32.07	32.12	31.62	31.99
32.10	32.13	31.62	31.91
32.00	32.46	31.95	32.30
32.30	32.33	31.37	32.09
32.08	32.20	31.71	31.99
31.99	32.29	31.77	32.26
32.20	32.33	31.96	32.20
31.50	32.65	31.44	32.41
32.65	32.72	32.22	32.30
32.49	32.56	31.75	32.25
32.44	33.00	32.00	32.87
32.76	32.99	32.40	32.70
32.70	33.47	32.43	33.43
32.70	32.82	32.02	32.41
32.59	32.68	31.20	31.20
31.41	31.84	31.20	31.51
31.64	32.48	31.50	32.44
32.46	32.50	31.60	31.98
32.19	32.66	31.94	32.50
32.50	32.68	31.80	31.80
32.01	32.69	31.57	32.69
32.69	32.72	32.20	32.61
32.61	32.61	31.99	32.14
32.40	32.98	32.33	32.80
32.90	33.36	32.51	32.51
32.75	33.37	32.56	33.37
31.80	32.05	31.65	31.95
32.07	32.11	31.60	31.60
31.82	31.82	31.50	31.55
31.70	31.70	31.24	31.45
31.73	31.79	30.84	31.11
31.50	31.53	30.70	30.75
30.97	30.97	30.37	30.49
30.47	31.29	30.40	31.17
31.17	31.58	30.80	31.58
31.60	32.20	31.58	32.10
32.16	32.19	31.85	32.16
32.19	32.61	31.80	32.50
32.60	32.60	31.80	31.80
32.01	32.35	31.37	31.37
31.80	32.15	31.73	32.04
31.83	32.15	31.70	31.70
31.99	31.99	31.06	31.24
31.30	31.30	30.07	30.59
30.30	30.30	29.46	29.85
29.90	30.43	29.50	29.65
29.69	30.12	29.39	29.58
29.49	29.49	28.65	28.80
28.80	29.82	28.62	29.61
29.96	30.05	29.57	29.85
30.07	30.20	29.45	29.65
29.98	29.98	29.26	29.40
29.41	29.71	28.84	29.01
29.02	29.59	29.02	29.45
29.78	30.00	29.41	29.85
29.99	30.00	29.50	29.70
29.69	29.69	29.13	29.56
29.65	29.71	29.16	29.32
29.36	29.37	28.76	28.94
28.91	29.34	28.33	28.64
28.69	29.10	28.45	28.78
28.81	29.07	28.58	28.58
28.78	28.97	28.04	28.43
28.44	28.88	28.21	28.82
28.47	28.82	28.42	28.62
28.93	29.26	28.91	29.15
29.30	29.30	28.72	29.15
29.28	29.41	28.66	29.33
29.49	29.49	29.15	29.31
29.50	29.55	29.06	29.35
29.67	29.67	29.08	29.35
29.35	29.59	29.16	29.46
29.70	29.75	29.25	29.29
29.12	29.13	28.68	28.68
28.70	28.75	28.06	28.51
28.61	29.25	28.57	28.73
28.80	28.80	28.25	28.50
28.53	28.79	28.11	28.20
28.20	28.21	27.73	27.75
27.82	28.16	27.55	27.64
27.55	27.71	27.19	27.67
27.70	27.75	27.22	27.44
27.44	27.82	27.20	27.40
27.65	28.09	27.42	28.04
27.95	29.09	27.95	29.02
29.26	29.27	28.69	29.17
29.12	29.12	28.66	28.92
29.26	29.27	28.52	28.70
28.82	28.95	28.51	28.51
28.58	29.39	28.57	29.26
29.28	30.04	29.26	29.79
30.00	30.40	29.86	30.15
30.24	30.44	29.96	30.11
30.11	30.40	29.95	30.24
30.00	30.33	30.00	30.17
30.17	30.27	29.59	29.71
29.99	30.00	29.64	30.00
29.85	30.32	29.83	30.19
30.17	30.17	29.46	29.65
29.85	30.00	29.52	29.97
29.97	30.13	29.61	29.86
29.73	29.89	29.13	29.48
29.15	29.32	28.98	29.27
29.01	29.59	29.01	29.42
29.42	29.85	29.42	29.85
29.68	30.42	29.68	30.31
30.45	30.98	30.42	30.98
30.98	31.20	30.56	30.94
30.95	30.95	30.46	30.60
30.89	31.20	30.67	31.20
30.57	31.18	30.57	31.00
31.00	31.26	30.92	31.13
31.42	31.42	30.90	31.11
31.12	31.20	30.66	30.80
30.79	31.28	30.50	31.22
31.29	31.86	31.29	31.53
31.62	31.86	31.31	31.80
31.79	31.86	31.59	31.86
31.90	32.09	31.57	31.57
31.72	31.84	31.22	31.55
31.77	31.84	31.05	31.38
31.38	31.41	30.84	31.05
31.05	31.24	30.88	31.16
31.31	31.46	31.00	31.00
31.00	31.73	31.00	31.73
31.74	31.76	31.09	31.11
31.12	31.65	31.12	31.55
31.55	31.76	31.30	31.57
31.56	31.90	31.43	31.68
31.67	31.83	30.50	30.74
30.80	31.30	30.53	31.10
31.24	31.38	30.89	31.12
31.28	31.28	30.18	30.37
30.51	30.51	29.77	29.90
30.11	30.90	29.95	29.99
30.24	30.24	29.72	29.96
29.96	29.96	29.48	29.67
30.00	30.60	29.96	30.60
30.56	31.80	30.11	31.80
31.82	32.24	31.71	31.81
31.97	31.97	31.24	31.81
31.52	31.53	30.53	30.66
30.79	31.10	30.56	30.95
30.95	30.95	30.40	30.40
30.90	30.90	30.16	30.19
29.80	30.08	29.42	29.52
29.80	29.93	29.21	29.40
29.66	29.66	28.81	29.16
29.22	29.59	29.10	29.55
29.55	29.55	29.00	29.14
29.10	29.30	28.60	28.88
29.49	29.49	28.45	28.76
28.98	29.32	28.77	29.01
29.22	29.37	28.81	29.24
29.30	29.64	28.98	29.47
29.49	29.90	29.33	29.90
29.77	29.80	29.26	29.32
29.35	29.48	28.65	28.89
28.92	29.10	28.73	28.88
29.01	30.10	28.97	29.80
29.95	30.68	29.95	30.68
30.80	31.58	30.80	31.19
31.10	31.39	30.55	30.89
30.94	31.14	30.55	30.80
30.83	31.04	30.68	30.73
30.76	31.45	30.76	31.00
31.00	31.00	30.30	30.31
30.30	30.81	30.27	30.63
30.63	30.94	30.38	30.74
30.79	31.09	29.80	29.80
29.92	30.30	29.92	30.14
30.19	30.19	29.72	30.05
30.03	30.10	29.63	29.74
29.72	30.01	29.59	29.89
29.90	30.58	29.87	30.55
30.60	30.60	30.13	30.53
30.53	30.62	30.12	30.12
30.17	30.32	29.61	29.63
29.50	29.50	28.76	28.96
28.96	29.07	28.61	28.79
28.85	29.04	28.51	29.04
29.05	29.10	28.28	28.28
28.30	28.55	28.04	28.08
28.49	28.69	28.10	28.50
28.50	28.91	28.30	28.75
28.81	29.31	28.78	29.25
29.25	29.62	29.00	29.53
29.60	29.74	29.32	29.69
29.69	29.99	29.10	29.90
29.90	30.10	29.47	29.76
29.74	29.76	29.40	29.66
29.70	30.07	29.49	30.07
30.02	30.51	29.90	30.51
30.52	31.27	30.34	30.96
30.95	31.33	30.81	31.17
31.17	31.55	30.95	31.26
31.26	31.99	31.10	31.84
31.80	31.80	31.30	31.37
31.37	31.74	30.82	31.56
31.50	31.50	30.73	31.17
31.19	31.63	30.89	31.19
31.32	31.55	31.11	31.33
31.50	32.59	31.50	31.73
31.95	32.03	31.40	31.73
31.73	31.91	31.54	31.89
31.59	31.80	31.23	31.36
31.40	31.71	31.15	31.58
31.59	31.59	30.74	30.92
30.90	31.00	30.43	30.79
30.64	30.98	30.57	30.89
30.99	31.30	30.80	30.81
30.99	30.99	30.02	30.30
30.30	30.76	30.16	30.76
30.55	30.83	30.42	30.73
30.81	30.90	30.30	30.44
30.44	30.46	29.84	29.98
30.13	30.26	29.75	30.20
29.82	29.95	29.63	29.86
29.85	29.96	29.68	29.96
30.05	30.47	30.01	30.32
30.35	30.61	30.11	30.40
30.50	31.25	30.37	31.25
31.25	31.65	31.10	31.32
31.22	31.45	30.95	30.97
31.16	31.52	30.88	31.29
31.13	31.13	30.85	31.09
31.16	31.52	30.75	30.88
30.88	31.18	30.85	30.95
31.09	31.59	30.80	31.59
31.58	31.79	31.03	31.04
31.11	31.51	30.95	31.45
31.45	31.69	31.17	31.56
31.59	31.67	31.33	31.65
31.47	31.65	31.39	31.39
31.70	31.80	31.35	31.80
31.80	32.28	31.65	32.28
32.28	32.40	31.84	32.16
32.30	32.31	31.87	32.03
32.18	32.60	31.91	32.60
32.50	32.74	32.23	32.33
32.79	32.79	31.84	32.00
32.16	32.16	31.32	31.38
31.44	31.70	30.90	31.06
31.30	31.30	30.05	30.77
31.00	31.00	30.26	30.40
30.60	30.95	30.47	30.83
30.83	30.92	30.35	30.68
30.68	30.68	30.14	30.24
30.26	30.62	30.20	30.29
30.55	30.79	30.42	30.77
30.80	30.80	30.00	30.23
30.23	30.24	29.44	29.50
29.60	29.98	29.53	29.98
30.07	30.65	29.75	30.62
30.70	30.70	30.04	30.24
29.96	30.09	29.70	29.87
30.00	30.15	29.60	29.61
29.70	29.87	29.32	29.35
29.27	29.75	29.06	29.75
29.65	29.75	29.20	29.44
29.56	29.82	29.47	29.58
29.85	29.98	29.50	29.78
29.82	30.41	29.65	29.82
29.96	30.20	29.57	29.69
29.84	30.12	29.57	29.77
29.77	30.15	29.74	30.05
30.45	31.38	30.45	31.31
31.31	31.64	31.25	31.47
31.40	31.40	30.79	30.91
31.00	31.02	30.34	30.51
30.69	30.78	30.13	30.35
30.35	30.42	29.75	30.32
30.46	30.98	30.29	30.62
30.70	30.89	30.45	30.59
29.49	29.53	28.49	29.38
28.27	28.72	28.01	28.19
28.00	29.13	27.86	28.17
27.99	29.00	27.71	28.61
28.58	29.04	28.18	28.60
28.86	28.86	27.92	28.31
28.54	28.72	27.89	28.60
28.49	28.49	27.46	28.12
27.50	28.00	26.86	27.21
25.12	26.30	25.12	26.00
27.00	27.80	26.00	26.64
26.50	26.54	24.24	25.30
23.56	23.99	22.00	22.75
25.82	25.83	22.41	25.26
22.75	24.99	22.61	22.75
23.70	25.15	22.60	23.79
23.00	23.09	21.21	21.76
21.81	23.24	20.34	22.20
23.45	23.70	21.10	21.10
21.69	21.69	19.46	19.70
20.58	21.62	20.53	20.53
20.68	22.32	20.65	21.65
21.65	23.05	21.65	23.03
22.49	22.65	21.65	22.17
22.20	22.96	21.90	22.83
22.83	22.90	21.66	22.08
21.50	21.50	20.57	20.76
20.80	21.18	20.60	20.94
20.94	20.94	19.50	19.99
21.06	21.60	20.73	21.01
21.80	22.55	21.54	22.20
21.82	22.96	21.82	22.96
22.91	23.37	22.43	22.75
22.81	23.08	22.12	22.80
23.18	23.68	22.83	22.83
22.80	22.95	22.03	22.26
22.70	22.70	21.67	22.00
22.55	22.96	21.57	22.13
21.88	22.17	21.55	22.03
22.03	22.31	21.62	21.79
22.09	22.22	21.24	21.24
21.05	21.15	19.76	20.49
21.00	21.40	20.45	20.73
21.29	22.70	21.28	22.48
22.65	23.23	22.48	22.72
22.17	22.41	21.95	22.19
21.38	21.41	21.10	21.10
21.56	22.46	21.25	21.80
21.99	21.99	21.40	21.50
21.98	21.98	20.50	20.80
20.80	21.89	20.80	21.34
21.34	21.90	21.24	21.71
21.71	21.81	20.88	20.90
21.00	21.25	20.40	20.85
20.59	21.49	20.04	21.49
21.48	21.56	20.65	20.65
21.36	21.67	20.83	21.38
21.50	21.55	20.62	20.62
20.95	20.95	20.52	20.75
20.75	21.63	20.75	21.51
21.58	22.07	21.07	21.64
22.50	22.73	22.11	22.68
22.80	23.15	21.77	21.90
22.20	22.74	22.01	22.74
22.70	22.85	22.21	22.22
22.22	22.36	21.65	21.94
21.97	22.74	21.61	22.55
23.05	23.74	22.78	23.74
24.50	24.75	24.23	24.50
24.49	25.20	23.91	25.20
26.25	26.72	25.46	25.73
25.78	26.56	25.78	26.31
26.20	26.27	25.36	26.04
26.30	26.32	24.95	25.11
24.08	24.85	23.36	24.47
23.79	24.14	23.46	23.80
24.34	24.73	24.07	24.30
24.44	24.85	24.24	24.52
24.45	25.67	24.44	25.15
25.51	26.39	24.93	26.39
26.06	26.32	25.21	25.31
25.82	25.82	24.88	25.09
25.11	25.15	24.20	24.55
24.70	24.94	24.30	24.69
24.52	24.80	24.11	24.11
24.16	24.83	24.16	24.73
24.73	24.73	24.00	24.00
24.16	24.70	23.91	24.31
24.66	25.31	24.57	24.57
24.64	24.82	24.35	24.54
24.81	25.54	24.81	25.36
25.30	25.38	24.48	24.76
24.85	25.25	24.69	25.15
25.17	25.31	24.93	25.13
25.13	25.29	24.75	25.27
25.31	25.53	24.98	24.98
25.10	25.21	24.61	25.21
25.35	25.50	25.07	25.36
24.92	25.19	24.92	24.99
25.01	25.25	24.99	25.09
25.09	25.44	24.97	25.35
25.45	25.85	25.39	25.59
25.60	25.79	25.03	25.30
25.51	25.51	24.86	24.87
24.87	25.09	24.42	24.75
24.90	25.77	24.75	25.65
25.65	26.00	25.45	25.62
25.73	26.20	25.64	26.09
26.00	26.00	25.33	25.76
25.75	25.90	24.90	24.90
25.35	25.52	24.55	25.20
24.63	24.85	23.79	24.09
24.30	24.60	23.92	24.10
24.22	24.75	23.96	24.50
24.25	24.85	23.95	24.06
24.15	24.48	24.04	24.33
24.65	24.70	24.15	24.15
24.30	24.53	23.75	24.05
24.11	24.25	23.40	23.40
23.40	23.97	23.24	23.40
23.40	23.58	22.84	22.93
23.29	23.39	23.02	23.17
23.20	23.37	23.04	23.08
22.80	23.14	22.60	23.02
23.16	23.18	22.88	23.06
23.18	23.69	23.15	23.37
23.50	23.68	23.11	23.28
23.36	23.36	22.64	22.77
22.88	23.42	22.77	22.99
23.10	23.36	22.95	23.23
23.22	23.23	22.56	22.56
22.87	23.16	22.75	23.16
23.18	23.29	22.90	23.07
23.15	24.10	23.03	23.37
23.56	23.87	23.22	23.76
23.48	23.48	23.10	23.24
23.43	23.52	23.04	23.11
23.20	23.38	22.72	22.72
22.85	22.94	22.28	22.41
22.55	22.83	22.19	22.71
22.85	22.85	22.43	22.47
22.50	22.89	22.31	22.31
22.30	22.53	22.16	22.33
22.33	22.37	21.90	22.01
21.70	21.88	21.45	21.87
21.90	22.14	21.76	21.94
21.94	22.02	21.51	21.52
21.53	22.17	21.40	21.83
21.77	21.88	21.50	21.78
21.97	22.65	21.48	21.77
21.77	21.79	21.22	21.33
21.49	21.54	21.24	21.38
21.47	21.50	21.10	21.47
21.39	22.07	21.30	21.52
21.57	21.71	21.25	21.57
21.77	22.04	21.49	21.50
21.63	21.67	21.33	21.43
21.42	22.72	21.37	22.51
22.51	23.02	22.18	22.43
22.49	23.03	22.20	22.36
22.42	22.50	22.17	22.20
22.15	22.23	21.84	22.05
22.10	22.11	21.69	21.69
21.85	22.39	21.59	21.85
22.03	22.75	22.03	22.59
22.59	23.07	22.39	22.73
22.80	23.91	22.69	23.65
23.73	24.13	23.41	23.41
23.40	23.83	23.27	23.63
23.84	24.05	22.87	23.02
22.68	22.68	21.97	22.11
22.11	22.73	21.41	22.51
22.43	22.60	21.60	21.98
22.42	22.65	22.19	22.28
23.69	23.87	22.93	23.15
23.40	23.92	23.40	23.66
23.51	23.84	23.28	23.75
23.98	25.70	23.87	25.36
25.29	26.24	25.16	26.03
26.02	26.10	25.43	25.94
25.94	25.97	25.01	25.25
25.25	25.79	25.25	25.79
26.10	26.57	26.00	26.50
26.45	26.52	25.98	26.47
26.36	26.48	25.80	25.86
25.74	26.24	25.71	25.98
25.98	26.05	25.62	25.69
25.91	26.25	25.79	26.05
26.05	26.93	26.05	26.63
26.61	26.65	25.99	26.36
26.42	26.44	25.76	25.89
26.21	26.69	26.00	26.12
26.15	26.27	25.70	25.76
26.20	27.17	25.92	26.77
26.84	27.03	26.35	26.79
27.00	27.50	26.70	26.80
26.85	27.08	26.46	26.94
26.95	27.60	26.78	27.02
27.10	27.42	26.71	26.84
27.00	27.12	26.75	27.12
27.12	27.91	27.05	27.91
27.67	27.72	27.21	27.68
27.84	27.93	27.23	27.24
27.33	27.65	27.27	27.43
27.64	28.30	27.28	28.09
28.10	28.35	28.06	28.09
28.09	28.36	27.83	28.04
27.69	27.83	27.23	27.41
27.49	27.84	27.49	27.58
27.63	28.09	27.63	28.00
28.17	28.48	28.11	28.43
28.41	28.60	28.10	28.32
28.39	28.44	27.93	27.93
28.24	28.31	27.28	27.45
27.45	27.62	26.76	27.38
27.41	28.20	27.29	28.00
28.00	29.13	27.85	28.90
29.05	29.38	28.55	28.99
28.75	28.85	28.13	28.42
28.50	28.67	28.39	28.53
28.50	28.65	27.72	28.10
28.26	28.90	28.02	28.71
28.28	28.46	27.79	27.89
27.97	28.33	27.71	27.80
28.07	28.22	27.32	27.58
27.63	27.69	26.97	27.16
27.14	27.23	26.60	26.74
26.50	26.58	26.03	26.09
25.95	26.55	25.34	25.49
25.44	25.92	25.18	25.58
25.57	26.74	25.53	26.57
26.42	26.66	25.75	25.82
26.34	26.53	26.10	26.32
26.34	26.59	25.40	25.93
26.00	26.30	25.78	25.84
25.92	26.19	25.53	25.73
25.83	25.93	25.42	25.61
25.61	25.69	25.12	25.14
25.13	25.69	24.91	25.29
25.39	25.45	24.90	25.13
25.29	25.43	25.00	25.14
25.14	25.36	24.84	25.11
25.11	25.32	24.96	25.18
25.18	25.53	25.01	25.16
25.16	25.36	24.84	24.96
24.30	24.30	23.45	23.58
23.77	25.00	23.75	24.95
25.00	25.08	24.34	24.47
24.46	24.79	23.71	23.81
23.88	23.99	23.22	23.37
23.65	23.76	22.69	22.70
22.49	23.76	21.95	23.52
23.52	23.80	22.75	23.52
23.53	24.49	23.53	23.96
23.83	24.88	23.83	24.82
24.55	25.08	23.92	23.96
23.96	24.58	23.64	24.28
24.81	24.81	23.86	24.43
24.45	24.90	24.15	24.50
24.57	24.57	24.26	24.40
24.56	24.69	24.24	24.63
24.64	24.64	23.93	24.31
24.28	25.01	24.09	24.98
25.00	25.51	24.97	25.07
25.12	25.41	24.68	25.09
25.04	25.26	24.60	25.21
25.20	25.45	24.75	24.78
24.80	24.95	24.50	24.50
24.50	24.86	24.21	24.86
24.76	25.20	24.71	25.20
24.96	25.23	24.62	24.96
24.92	25.43	24.79	25.43
25.31	25.48	24.77	25.11
25.14	25.20	24.42	24.47
24.65	24.77	24.42	24.60
24.47	24.66	24.27	24.33
24.33	24.54	24.00	24.32
24.33	24.37	24.04	24.08
24.00	24.23	23.92	23.98
24.10	24.41	24.01	24.41
24.41	24.51	24.07	24.42
24.49	24.96	24.23	24.67
24.67	24.94	24.44	24.67
24.70	25.00	24.54	24.81
24.88	24.88	24.45	24.58
24.58	24.67	24.32	24.43
24.49	24.56	24.22	24.42
24.40	24.74	24.35	24.60
24.70	24.84	24.34	24.48
24.45	24.60	24.18	24.20
24.23	25.12	24.23	25.06
25.16	25.24	24.42	24.49
24.64	24.64	24.26	24.46
24.69	25.08	24.60	24.80
25.00	25.15	23.86	23.88
24.00	24.56	23.71	24.51
24.39	24.48	24.05	24.19
24.19	24.55	24.13	24.51
24.81	24.96	24.50	24.93
24.89	24.91	24.56	24.80
24.90	24.90	24.34	24.44
24.45	25.34	24.44	25.18
25.18	25.75	25.14	25.57
25.56	25.73	25.17	25.69
25.68	25.85	25.50	25.68
25.57	25.94	25.18	25.78
25.93	26.26	25.78	26.00
26.06	26.22	25.77	26.15
26.18	26.31	26.00	26.00
26.26	26.26	25.80	26.12
26.06	26.42	26.03	26.28
26.50	26.50	25.90	26.15
26.10	26.53	25.96	26.52
26.48	26.63	26.32	26.49
27.00	27.36	26.86	27.32
27.35	28.37	27.33	27.93
27.99	28.63	27.79	28.54
28.55	29.27	28.28	29.03
29.09	29.19	28.55	28.90
29.13	29.97	28.59	29.26
29.36	29.74	29.11	29.33
29.32	29.34	28.72	28.93
29.03	29.21	28.71	28.83
28.83	28.93	28.58	28.72
28.72	29.59	28.71	29.24
29.45	30.15	28.91	29.15
29.05	29.07	28.34	28.42
28.42	28.72	28.31	28.50
28.56	28.61	28.10	28.31
28.30	28.70	28.11	28.18
28.24	28.40	27.91	28.16
28.30	28.32	27.21	27.35
27.35	27.35	26.73	27.10
26.91	27.05	26.59	27.05
26.83	26.94	26.55	26.55
26.70	26.73	26.21	26.51
26.52	26.78	26.44	26.72
26.60	26.60	26.30	26.42
26.42	26.44	26.10	26.19
26.38	26.68	26.03	26.63
25.95	26.40	25.91	26.02
26.22	26.74	26.21	26.66
26.67	26.90	26.11	26.90
27.08	27.43	26.68	26.83
26.80	26.90	26.31	26.31
26.36	26.52	25.55	25.55
25.74	25.98	25.58	25.85
25.85	26.23	25.59	26.10
26.09	26.44	26.08	26.20
26.07	26.29	25.90	25.95
26.12	26.13	25.78	25.95
26.04	26.54	25.98	26.36
26.34	26.85	26.16	26.50
26.54	27.80	26.49	27.39
27.92	27.92	27.28	27.60
27.50	28.01	27.28	27.37
27.78	28.51	27.60	27.76
28.16	28.32	27.42	27.84
27.90	27.90	27.06	27.10
27.35	27.61	26.95	27.00
27.30	28.08	27.18	28.00
27.95	28.37	27.91	28.02
28.34	28.34	27.66	27.69
28.00	28.33	27.35	28.00
28.08	28.18	27.50	27.55
27.62	27.94	27.27	27.89
27.81	28.11	27.43	27.60
27.46	27.68	27.02	27.35
27.43	28.14	27.28	27.55
27.40	27.96	27.06	27.30
27.32	27.47	26.92	27.30
27.55	27.88	27.39	27.74
27.80	28.45	27.80	28.25
28.29	28.55	28.13	28.50
28.60	28.61	27.95	28.00
28.16	28.45	27.96	28.37
28.51	28.52	28.10	28.40
28.40	28.91	28.31	28.64
28.65	29.21	28.64	29.00
29.09	29.09	27.94	28.01
28.11	28.14	27.20	27.50
27.50	28.09	27.36	28.00
27.78	27.88	26.58	26.58
26.60	27.23	26.40	27.20
27.46	27.49	26.75	26.80
27.00	27.29	26.97	27.14
27.20	27.35	26.92	26.94
26.95	27.00	26.56	26.68
26.53	26.61	25.96	26.58
26.58	26.58	25.60	25.78
25.46	25.62	25.01	25.44
25.62	25.63	25.26	25.30
25.57	26.18	25.57	25.89
26.10	27.00	26.03	26.79
26.74	26.80	26.33	26.56
26.52	27.30	26.26	27.20
27.07	27.56	26.45	26.48
26.95	27.00	26.30	26.92
27.18	27.18	26.72	26.92
27.05	28.20	27.02	27.95
22.80	23.03	21.92	22.40
22.25	22.64	21.98	22.30
21.98	22.56	21.82	22.45
22.65	22.72	22.00	22.05
22.21	22.69	22.20	22.25
22.36	22.37	21.76	21.78
21.89	21.89	21.34	21.74
21.85	21.99	21.43	21.56
21.66	22.18	21.60	21.95
21.96	22.46	21.73	22.31
22.19	22.19	21.70	21.79
22.00	22.40	21.79	21.96
21.95	22.45	21.63	21.92
21.90	21.90	20.61	21.18
21.26	21.93	21.26	21.70
21.69	21.69	21.31	21.52
21.54	22.02	21.46	21.57
21.36	21.63	21.18	21.40
21.50	21.69	20.97	21.00
21.22	21.78	21.18	21.73
21.70	22.27	21.58	22.05
22.00	22.14	20.91	21.01
21.28	21.28	20.44	20.65
20.66	20.98	20.51	20.61
20.65	20.93	20.27	20.39
20.39	21.24	20.34	20.90
21.05	21.18	20.66	20.91
20.87	21.10	20.57	20.88
20.89	21.07	20.35	20.65
20.66	20.88	20.43	20.62
20.62	20.65	20.07	20.27
20.28	20.38	20.05	20.27
20.01	20.30	19.83	19.94
20.09	20.15	19.74	20.11
20.07	20.66	19.96	20.65
20.61	21.02	20.57	20.83
20.40	20.46	20.12	20.36
20.52	20.69	20.24	20.28
20.28	20.39	19.83	20.10
20.14	20.49	19.90	20.01
20.12	20.76	20.10	20.66
20.66	21.10	20.53	20.70
20.64	21.26	20.64	20.88
20.90	21.07	20.51	20.60
20.61	20.72	20.25	20.41
20.41	20.41	19.77	19.95
19.96	20.15	19.72	19.96
19.96	20.19	19.52	19.52
19.56	19.94	19.49	19.61
19.62	19.70	19.27	19.56
19.62	19.80	19.49	19.76
19.44	19.68	19.28	19.39
19.30	19.30	18.91	19.08
19.11	19.23	19.01	19.01
19.02	19.19	18.97	19.19
19.21	19.42	19.09	19.27
19.42	19.55	19.20	19.45
19.54	19.55	19.33	19.38
19.38	19.39	19.12	19.32
19.42	19.42	18.98	19.09
19.29	19.68	19.04	19.38
19.35	19.85	19.35	19.81
19.78	19.91	19.38	19.41
19.71	19.80	19.35	19.76
19.84	20.10	19.46	20.07
20.07	20.23	19.85	20.18
20.17	20.55	20.12	20.47
20.47	20.66	20.21	20.48
20.40	20.96	20.37	20.74
20.62	20.91	20.58	20.75
20.74	20.92	20.41	20.69
20.68	21.00	20.61	20.82
20.82	21.15	20.61	20.66
20.80	20.80	20.48	20.48
20.48	20.75	20.39	20.49
20.43	20.65	20.14	20.48
20.21	21.17	20.21	21.13
21.10	21.45	20.96	21.33
21.28	21.78	21.20	21.49
21.49	21.77	21.26	21.75
21.80	22.23	21.59	22.09
22.05	22.45	22.05	22.32
22.32	22.33	21.89	22.03
22.03	22.33	21.82	22.21
22.21	22.44	22.08	22.34
22.33	22.39	22.05	22.23
22.33	22.38	21.87	22.38
22.38	22.38	21.47	21.49
21.63	22.03	21.37	21.77
22.70	23.19	22.57	22.86
22.85	22.90	22.62	22.68
22.90	23.14	22.72	22.94
22.94	23.12	22.75	22.84
22.84	22.90	22.36	22.43
22.60	22.74	22.38	22.54
22.54	22.54	21.90	22.09
22.20	22.43	22.08	22.22
22.23	22.47	21.89	21.96
21.47	21.61	21.06	21.51
21.51	21.83	21.37	21.83
21.81	21.81	21.40	21.44
21.41	22.08	21.38	21.44
21.40	21.49	20.70	21.02
21.17	21.17	20.47	20.55
20.85	20.85	20.29	20.50
20.81	21.52	20.67	21.39
21.15	21.37	20.94	21.27
21.49	21.65	21.20	21.27
