0.06	0.06	0.06	0.06
0.06	0.06	0.06	0.06
0.06	0.06	0.05	0.06
0.06	0.06	0.06	0.06
0.06	0.06	0.05	0.05
0.05	0.05	0.05	0.05
0.05	0.05	0.05	0.05
0.05	0.06	0.05	0.06
0.06	0.07	0.06	0.07
0.07	0.07	0.07	0.07
0.07	0.08	0.07	0.07
0.07	0.07	0.06	0.07
0.07	0.07	0.07	0.07
0.07	0.07	0.07	0.07
0.07	0.07	0.07	0.07
0.07	0.08	0.07	0.07
0.07	0.07	0.07	0.07
0.07	0.08	0.07	0.07
0.07	0.08	0.07	0.08
0.08	0.08	0.08	0.08
0.08	0.09	0.08	0.09
0.09	0.10	0.09	0.10
0.10	0.11	0.10	0.10
0.10	0.10	0.10	0.10
0.10	0.10	0.10	0.10
0.10	0.11	0.10	0.10
0.11	0.11	0.10	0.11
0.10	0.11	0.10	0.10
0.11	0.11	0.10	0.11
0.11	0.11	0.11	0.11
0.11	0.11	0.11	0.11
0.11	0.12	0.11	0.11
0.11	0.11	0.10	0.11
0.11	0.12	0.11	0.12
0.12	0.12	0.12	0.12
0.12	0.12	0.12	0.12
0.12	0.12	0.12	0.12
0.12	0.13	0.11	0.12
0.12	0.12	0.11	0.12
0.12	0.12	0.12	0.12
0.12	0.12	0.11	0.11
0.11	0.12	0.11	0.12
0.11	0.12	0.11	0.11
0.11	0.11	0.11	0.11
0.11	0.11	0.10	0.11
0.11	0.11	0.11	0.11
0.11	0.11	0.10	0.11
0.11	0.11	0.11	0.11
0.11	0.11	0.11	0.11
0.11	0.11	0.11	0.11
0.11	0.11	0.11	0.11
0.11	0.11	0.11	0.11
0.11	0.11	0.11	0.11
0.11	0.11	0.11	0.11
0.11	0.11	0.11	0.11
0.11	0.11	0.11	0.11
0.11	0.11	0.11	0.11
0.11	0.11	0.11	0.11
0.11	0.14	0.11	0.14
0.14	0.14	0.13	0.13
0.13	0.13	0.12	0.13
0.13	0.14	0.12	0.14
0.13	0.14	0.13	0.14
0.14	0.14	0.12	0.12
0.12	0.13	0.11	0.11
0.13	0.14	0.13	0.13
0.13	0.14	0.13	0.14
0.14	0.14	0.13	0.14
0.14	0.14	0.13	0.14
0.14	0.14	0.13	0.13
0.13	0.13	0.13	0.13
0.13	0.13	0.13	0.13
0.13	0.13	0.13	0.13
0.13	0.14	0.13	0.14
0.14	0.14	0.13	0.13
0.13	0.14	0.13	0.14
0.14	0.14	0.13	0.13
0.13	0.14	0.13	0.13
0.13	0.14	0.13	0.13
0.13	0.13	0.13	0.13
0.13	0.13	0.13	0.13
0.13	0.13	0.13	0.13
0.13	0.13	0.13	0.13
0.13	0.13	0.13	0.13
0.13	0.14	0.13	0.14
0.14	0.14	0.13	0.14
0.14	0.15	0.14	0.15
0.15	0.15	0.15	0.15
0.15	0.15	0.14	0.15
0.15	0.15	0.14	0.14
0.14	0.14	0.14	0.14
0.14	0.14	0.13	0.13
0.14	0.14	0.13	0.14
0.14	0.14	0.13	0.13
0.13	0.14	0.13	0.14
0.14	0.14	0.14	0.14
0.14	0.15	0.14	0.15
0.14	0.15	0.14	0.15
0.15	0.15	0.14	0.15
0.14	0.14	0.14	0.14
0.14	0.15	0.14	0.14
0.15	0.15	0.15	0.15
0.15	0.15	0.15	0.15
0.15	0.15	0.15	0.15
0.15	0.15	0.15	0.15
0.15	0.15	0.15	0.15
0.15	0.15	0.15	0.15
0.15	0.15	0.15	0.15
0.15	0.15	0.15	0.15
0.15	0.16	0.15	0.16
0.16	0.17	0.16	0.16
0.16	0.16	0.16	0.16
0.16	0.16	0.16	0.16
0.16	0.17	0.16	0.17
0.17	0.17	0.16	0.16
0.16	0.17	0.16	0.16
0.17	0.17	0.16	0.17
0.17	0.17	0.17	0.17
0.17	0.17	0.17	0.17
0.17	0.17	0.17	0.17
0.17	0.18	0.17	0.17
0.17	0.18	0.17	0.18
0.17	0.17	0.17	0.17
0.17	0.17	0.17	0.17
0.17	0.18	0.17	0.18
0.18	0.18	0.18	0.18
0.18	0.18	0.17	0.17
0.17	0.18	0.17	0.17
0.18	0.19	0.18	0.19
0.20	0.21	0.20	0.20
0.21	0.21	0.20	0.21
0.21	0.22	0.21	0.22
0.22	0.22	0.22	0.22
0.23	0.23	0.21	0.22
0.23	0.23	0.23	0.23
0.23	0.23	0.23	0.23
0.23	0.24	0.23	0.24
0.24	0.24	0.24	0.24
0.24	0.24	0.24	0.24
0.24	0.24	0.24	0.24
0.24	0.24	0.23	0.24
0.24	0.24	0.24	0.24
0.24	0.25	0.24	0.24
0.24	0.24	0.24	0.24
0.24	0.24	0.23	0.24
0.24	0.24	0.24	0.24
0.24	0.24	0.24	0.24
0.24	0.24	0.23	0.23
0.23	0.25	0.23	0.25
0.25	0.25	0.24	0.25
0.25	0.26	0.25	0.25
0.25	0.26	0.25	0.26
0.25	0.26	0.25	0.25
0.25	0.26	0.25	0.25
0.25	0.26	0.25	0.25
0.25	0.25	0.24	0.24
0.24	0.24	0.24	0.24
0.24	0.24	0.24	0.24
0.24	0.24	0.23	0.24
0.24	0.25	0.24	0.25
0.25	0.25	0.24	0.25
0.25	0.27	0.25	0.27
0.27	0.28	0.26	0.27
0.27	0.28	0.27	0.27
0.27	0.27	0.27	0.27
0.28	0.29	0.27	0.29
0.29	0.29	0.28	0.29
0.29	0.29	0.28	0.29
0.29	0.29	0.29	0.29
0.30	0.30	0.29	0.30
0.30	0.30	0.30	0.30
0.30	0.31	0.30	0.31
0.31	0.32	0.31	0.32
0.32	0.33	0.32	0.33
0.33	0.35	0.33	0.35
0.36	0.36	0.34	0.35
0.35	0.35	0.34	0.34
0.35	0.35	0.34	0.35
0.35	0.35	0.35	0.35
0.35	0.35	0.34	0.35
0.35	0.35	0.35	0.35
0.35	0.36	0.35	0.35
0.35	0.36	0.35	0.36
0.36	0.38	0.36	0.38
0.38	0.39	0.32	0.32
0.32	0.32	0.26	0.27
0.29	0.35	0.28	0.35
0.35	0.36	0.32	0.34
0.37	0.37	0.34	0.36
0.36	0.36	0.35	0.35
0.35	0.36	0.34	0.35
0.35	0.36	0.35	0.36
0.36	0.37	0.35	0.36
0.36	0.37	0.35	0.37
0.35	0.38	0.34	0.38
0.38	0.38	0.35	0.37
0.36	0.37	0.35	0.36
0.37	0.37	0.35	0.35
0.36	0.37	0.35	0.35
0.35	0.36	0.35	0.35
0.36	0.36	0.35	0.36
0.36	0.37	0.36	0.37
0.37	0.37	0.36	0.37
0.37	0.38	0.36	0.38
0.37	0.38	0.37	0.38
0.38	0.38	0.37	0.38
0.37	0.39	0.37	0.38
0.38	0.40	0.38	0.39
0.39	0.40	0.39	0.40
0.40	0.40	0.39	0.39
0.39	0.39	0.37	0.38
0.39	0.39	0.37	0.38
0.37	0.39	0.37	0.39
0.39	0.40	0.39	0.39
0.39	0.42	0.39	0.41
0.41	0.41	0.40	0.41
0.41	0.41	0.40	0.40
0.40	0.41	0.40	0.41
0.40	0.42	0.40	0.40
0.40	0.41	0.40	0.41
0.41	0.42	0.40	0.41
0.41	0.41	0.40	0.40
0.41	0.41	0.39	0.40
0.40	0.41	0.40	0.41
0.41	0.41	0.41	0.41
0.40	0.41	0.40	0.41
0.41	0.41	0.41	0.41
0.41	0.41	0.40	0.40
0.40	0.41	0.40	0.41
0.41	0.41	0.40	0.41
0.40	0.41	0.39	0.39
0.40	0.40	0.39	0.39
0.39	0.39	0.37	0.37
0.37	0.38	0.37	0.38
0.38	0.38	0.38	0.38
0.38	0.38	0.36	0.36
0.36	0.38	0.36	0.37
0.37	0.38	0.37	0.38
0.38	0.40	0.38	0.40
0.40	0.41	0.40	0.41
0.41	0.41	0.40	0.40
0.40	0.41	0.40	0.41
0.41	0.41	0.41	0.41
0.41	0.41	0.41	0.41
0.41	0.46	0.41	0.46
0.46	0.49	0.45	0.48
0.48	0.50	0.47	0.50
0.50	0.51	0.48	0.49
0.49	0.49	0.47	0.48
0.48	0.48	0.45	0.45
0.45	0.49	0.45	0.49
0.50	0.50	0.46	0.49
0.49	0.49	0.48	0.49
0.49	0.49	0.48	0.49
0.48	0.53	0.48	0.53
0.54	0.55	0.53	0.54
0.54	0.55	0.52	0.53
0.53	0.53	0.53	0.53
0.53	0.53	0.53	0.53
0.53	0.59	0.53	0.58
0.59	0.62	0.57	0.58
0.58	0.60	0.58	0.59
0.60	0.60	0.59	0.60
0.60	0.63	0.60	0.63
0.66	0.68	0.64	0.68
0.68	0.74	0.68	0.74
0.74	0.75	0.72	0.74
0.75	0.79	0.74	0.79
0.78	0.84	0.75	0.80
0.81	0.84	0.81	0.82
0.83	0.83	0.75	0.76
0.75	0.78	0.73	0.75
0.75	0.78	0.74	0.75
0.75	0.75	0.68	0.71
0.72	0.72	0.63	0.68
0.67	0.72	0.63	0.71
0.73	0.73	0.66	0.66
0.67	0.68	0.64	0.66
0.65	0.67	0.64	0.66
0.66	0.68	0.64	0.68
0.68	0.75	0.68	0.75
0.76	0.76	0.71	0.72
0.71	0.76	0.70	0.75
0.75	0.75	0.70	0.71
0.71	0.71	0.69	0.70
0.70	0.73	0.70	0.73
0.73	0.73	0.70	0.70
0.69	0.70	0.68	0.70
0.71	0.71	0.67	0.68
0.68	0.70	0.68	0.69
0.69	0.70	0.68	0.70
0.70	0.73	0.68	0.68
0.69	0.72	0.68	0.70
0.71	0.72	0.69	0.70
0.71	0.72	0.70	0.72
0.71	0.72	0.71	0.72
0.71	0.73	0.71	0.72
0.72	0.72	0.70	0.71
0.71	0.72	0.70	0.72
0.71	0.71	0.69	0.69
0.69	0.70	0.65	0.67
0.67	0.73	0.66	0.72
0.72	0.76	0.71	0.75
0.76	0.80	0.75	0.79
0.79	0.82	0.78	0.82
0.82	0.86	0.79	0.81
0.80	0.82	0.80	0.80
0.80	0.82	0.80	0.81
0.82	0.86	0.82	0.86
0.85	0.91	0.84	0.87
0.88	0.89	0.86	0.88
0.88	0.90	0.86	0.89
0.88	0.89	0.87	0.88
0.98	1.05	0.97	1.00
0.98	1.02	0.95	1.00
1.02	1.05	1.02	1.04
1.05	1.08	1.05	1.08
1.00	1.05	1.00	1.01
1.02	1.04	0.99	1.02
1.03	1.05	1.01	1.04
1.05	1.09	1.05	1.09
1.08	1.08	1.06	1.08
0.95	0.97	0.89	0.90
0.96	1.00	0.96	0.96
0.94	0.95	0.85	0.87
0.88	0.94	0.85	0.93
0.94	0.97	0.94	0.96
0.96	0.98	0.94	0.96
0.97	0.98	0.97	0.98
0.97	1.00	0.97	1.00
1.00	1.01	0.99	1.00
1.01	1.02	0.96	0.96
0.98	0.99	0.93	0.96
0.97	0.97	0.92	0.92
0.93	0.93	0.90	0.90
0.91	0.92	0.87	0.91
0.92	0.96	0.92	0.96
0.96	1.00	0.95	1.00
1.00	1.01	0.96	0.96
0.96	0.99	0.95	0.96
0.96	0.98	0.95	0.98
0.99	1.00	0.98	0.99
0.99	1.00	0.96	1.00
0.98	1.00	0.98	1.00
0.99	0.99	0.95	0.95
0.96	0.97	0.93	0.93
0.95	0.95	0.92	0.93
0.93	0.95	0.92	0.93
0.95	0.97	0.94	0.97
0.97	0.97	0.93	0.94
0.96	0.96	0.93	0.93
0.94	0.96	0.93	0.96
0.95	0.99	0.95	0.98
0.98	1.00	0.98	1.00
1.00	1.01	0.99	1.00
0.99	1.00	0.99	1.00
1.00	1.00	0.99	0.99
1.00	1.10	1.00	1.10
1.10	1.15	1.09	1.15
1.15	1.18	1.14	1.17
1.19	1.22	1.18	1.22
1.22	1.23	1.15	1.16
1.16	1.22	1.16	1.21
1.21	1.28	1.21	1.28
1.29	1.34	1.29	1.32
1.35	1.37	1.30	1.33
1.33	1.35	1.32	1.35
1.34	1.35	1.29	1.29
1.31	1.32	1.29	1.29
1.31	1.34	1.29	1.33
1.33	1.34	1.31	1.32
1.34	1.34	1.31	1.34
1.33	1.42	1.32	1.42
1.44	1.47	1.39	1.40
1.48	1.48	1.41	1.43
1.41	1.45	1.39	1.43
1.45	1.45	1.41	1.43
1.44	1.52	1.42	1.52
1.52	1.57	1.51	1.54
1.54	1.55	1.48	1.51
1.50	1.59	1.50	1.56
1.56	1.58	1.52	1.53
1.52	1.59	1.52	1.59
1.60	1.73	1.59	1.73
1.75	1.79	1.73	1.74
1.78	1.92	1.77	1.92
1.96	1.96	1.70	1.71
1.67	1.80	1.64	1.78
1.78	1.85	1.78	1.81
1.83	1.84	1.78	1.79
1.77	1.79	1.73	1.78
1.77	1.85	1.77	1.85
1.85	1.86	1.81	1.84
1.85	1.93	1.85	1.89
1.89	1.92	1.87	1.91
1.92	2.00	1.91	2.00
1.99	2.19	1.99	2.19
2.23	2.32	2.16	2.17
2.18	2.41	2.13	2.41
2.45	2.66	2.41	2.52
2.67	2.67	2.57	2.64
2.65	2.68	2.40	2.46
2.51	2.54	2.37	2.41
2.12	2.23	1.96	2.13
2.16	2.24	2.03	2.24
2.25	2.53	2.24	2.52
2.59	2.68	2.55	2.56
2.63	2.63	2.37	2.51
2.47	2.56	2.41	2.42
2.48	2.49	2.29	2.33
2.32	2.37	2.23	2.37
2.37	2.39	2.29	2.29
2.27	2.31	2.19	2.21
2.22	2.32	2.11	2.28
2.27	2.28	2.06	2.08
2.22	2.25	2.13	2.16
2.15	2.29	2.14	2.28
2.33	2.41	2.29	2.41
2.42	2.47	2.34	2.41
2.41	2.45	2.38	2.44
2.44	2.46	2.38	2.40
2.40	2.46	2.36	2.44
2.47	2.48	2.37	2.39
2.41	2.45	2.38	2.45
2.43	2.46	2.34	2.34
2.13	2.25	2.12	2.24
2.25	2.30	2.12	2.13
2.15	2.19	1.86	1.97
2.02	2.18	1.99	2.18
2.18	2.23	2.07	2.15
2.18	2.23	2.16	2.23
2.23	2.26	2.11	2.13
2.16	2.18	2.05	2.12
2.13	2.15	2.07	2.12
2.12	2.14	1.99	2.02
2.03	2.11	1.95	1.97
1.98	1.98	1.88	1.95
1.97	1.99	1.90	1.96
2.12	2.14	2.05	2.06
2.06	2.08	1.87	1.89
1.92	1.93	1.75	1.75
1.71	1.71	1.57	1.59
1.60	1.70	1.60	1.70
1.70	1.70	1.57	1.59
1.59	1.64	1.47	1.51
1.51	1.60	1.46	1.57
1.60	1.71	1.59	1.69
1.74	1.82	1.72	1.75
1.80	1.85	1.79	1.83
1.86	1.89	1.85	1.87
1.86	1.89	1.76	1.86
1.84	1.84	1.79	1.81
1.81	1.89	1.79	1.89
1.91	1.92	1.82	1.84
1.84	1.87	1.80	1.81
1.82	1.83	1.77	1.79
1.79	1.79	1.69	1.75
1.75	1.82	1.70	1.79
1.82	1.82	1.76	1.78
1.77	1.80	1.74	1.77
1.76	1.80	1.74	1.80
1.76	1.99	1.75	1.98
2.05	2.17	2.03	2.15
2.20	2.25	2.14	2.15
2.06	2.14	2.05	2.14
2.19	2.23	2.11	2.12
2.09	2.17	2.06	2.13
2.14	2.15	2.10	2.14
2.20	2.20	2.11	2.12
2.13	2.13	2.04	2.06
2.09	2.16	2.06	2.15
2.15	2.27	2.14	2.23
2.21	2.29	2.18	2.25
2.26	2.35	2.25	2.33
2.36	2.41	2.36	2.39
2.43	2.48	2.40	2.48
2.50	2.55	2.42	2.45
2.44	2.51	2.40	2.42
2.47	2.49	2.45	2.48
2.49	2.50	2.42	2.43
2.43	2.48	2.42	2.43
2.45	2.46	2.36	2.37
2.37	2.43	2.34	2.39
2.43	2.43	2.39	2.40
2.37	2.42	2.36	2.40
2.42	2.45	2.40	2.44
2.44	2.47	2.42	2.43
2.45	2.46	2.41	2.43
2.44	2.45	2.37	2.39
2.40	2.43	2.37	2.37
2.40	2.40	2.35	2.38
2.37	2.38	2.31	2.32
2.32	2.50	2.32	2.50
2.53	2.61	2.50	2.56
2.53	2.61	2.50	2.61
2.61	2.67	2.58	2.62
2.66	2.67	2.60	2.61
2.61	2.66	2.61	2.65
2.65	2.65	2.58	2.59
2.58	2.58	2.49	2.49
2.43	2.53	2.41	2.52
2.53	2.53	2.44	2.44
2.47	2.49	2.34	2.35
2.37	2.38	2.24	2.29
2.30	2.31	2.23	2.31
2.33	2.45	2.33	2.45
2.48	2.51	2.38	2.43
2.46	2.54	2.44	2.54
2.52	2.57	2.48	2.56
2.57	2.59	2.46	2.46
2.49	2.53	2.47	2.52
2.66	2.70	2.63	2.69
2.70	2.92	2.69	2.92
2.90	2.93	2.81	2.83
2.81	2.88	2.76	2.81
2.81	2.87	2.78	2.85
2.82	2.88	2.79	2.87
2.87	2.87	2.78	2.79
2.82	2.84	2.74	2.76
2.76	2.78	2.71	2.78
2.75	2.76	2.66	2.73
2.73	2.85	2.70	2.80
2.85	2.89	2.82	2.85
2.88	2.90	2.79	2.83
2.83	2.85	2.75	2.76
2.76	2.83	2.74	2.81
2.82	2.88	2.80	2.85
2.81	2.84	2.77	2.80
2.83	2.85	2.78	2.79
2.80	2.88	2.78	2.88
2.88	2.96	2.84	2.95
2.94	2.99	2.91	2.91
2.97	3.10	2.96	3.09
3.11	3.14	2.97	2.99
2.98	3.04	2.94	3.00
3.04	3.06	3.00	3.03
3.05	3.09	3.00	3.03
3.06	3.08	3.00	3.00
3.00	3.00	2.84	2.98
3.07	3.07	3.02	3.04
3.05	3.06	3.01	3.03
3.03	3.06	2.94	3.00
3.03	3.03	2.89	2.91
2.92	3.00	2.89	2.99
2.97	3.11	2.97	3.09
3.05	3.06	3.01	3.04
3.04	3.07	2.96	2.98
3.01	3.03	2.98	3.00
3.04	3.04	2.96	2.97
2.99	2.99	2.91	2.94
2.92	3.03	2.91	3.02
3.01	3.10	2.98	3.09
3.09	3.16	3.07	3.12
3.10	3.15	3.06	3.14
3.14	3.25	3.13	3.22
3.25	3.31	3.21	3.25
3.26	3.34	3.26	3.31
3.32	3.32	3.16	3.19
3.20	3.21	3.00	3.02
3.04	3.10	2.97	3.02
3.06	3.09	3.00	3.00
3.24	3.44	3.17	3.44
3.44	3.55	3.35	3.47
3.49	3.55	3.39	3.39
3.39	3.45	3.31	3.36
3.40	3.43	3.27	3.35
3.35	3.43	3.28	3.31
3.29	3.54	3.29	3.48
3.48	3.52	3.33	3.36
3.35	3.35	3.18	3.28
3.37	3.44	3.35	3.41
3.41	3.54	3.39	3.53
3.49	3.51	3.41	3.45
3.38	3.52	3.35	3.49
3.51	3.53	3.45	3.47
3.42	3.44	3.22	3.28
3.35	3.42	3.21	3.23
3.29	3.41	3.26	3.36
3.44	3.59	3.39	3.59
3.61	3.91	3.61	3.88
3.75	3.79	3.69	3.76
3.74	3.74	3.53	3.54
3.51	3.51	2.96	3.31
3.39	3.40	3.09	3.27
3.33	3.43	3.26	3.29
3.33	3.47	3.30	3.43
3.45	3.52	3.37	3.49
3.50	3.75	3.50	3.71
3.75	3.76	3.57	3.73
3.67	3.70	3.60	3.66
3.61	3.87	3.57	3.81
3.88	4.01	3.72	3.74
3.78	3.88	3.75	3.77
3.84	3.87	3.78	3.81
3.83	3.86	3.73	3.84
3.83	3.88	3.79	3.83
3.84	3.86	3.74	3.74
3.77	3.88	3.77	3.84
3.88	3.99	3.87	3.97
3.94	3.99	3.88	3.88
3.93	3.96	3.84	3.88
3.90	3.92	3.84	3.86
3.88	3.88	3.70	3.74
3.75	3.79	3.59	3.78
3.81	3.84	3.65	3.65
3.63	3.73	3.52	3.55
3.66	3.83	3.60	3.83
3.83	3.95	3.81	3.89
3.91	3.99	3.88	3.94
3.96	4.10	3.94	4.09
4.11	4.18	3.92	3.94
3.95	4.01	3.84	4.01
4.09	4.12	4.00	4.03
4.04	4.05	3.98	4.02
4.07	4.15	4.06	4.15
4.16	4.20	4.08	4.13
4.15	4.15	4.05	4.08
4.09	4.13	4.01	4.02
4.01	4.09	4.01	4.04
4.02	4.10	4.00	4.09
4.09	4.18	4.08	4.16
4.17	4.25	4.17	4.25
4.25	4.28	4.19	4.24
4.26	4.31	4.20	4.31
4.60	4.60	4.47	4.51
4.49	4.51	4.33	4.34
4.36	4.56	4.29	4.56
4.50	4.52	4.30	4.33
4.31	4.38	4.24	4.37
4.42	4.43	4.36	4.38
4.34	4.35	4.26	4.27
4.39	4.39	4.22	4.24
4.21	4.25	4.09	4.13
4.14	4.31	4.13	4.31
4.28	4.35	4.06	4.10
4.15	4.21	4.03	4.17
4.17	4.26	4.07	4.09
4.18	4.21	4.07	4.09
4.14	4.17	4.05	4.07
4.08	4.12	3.93	4.01
4.03	4.14	4.03	4.11
4.08	4.14	3.94	3.96
4.03	4.04	3.96	4.03
4.00	4.00	3.90	3.91
3.92	3.93	3.65	3.66
3.65	3.80	3.63	3.80
3.84	3.90	3.80	3.89
3.91	3.95	3.69	3.79
3.69	3.75	3.67	3.69
3.75	3.77	3.66	3.71
3.72	3.72	3.56	3.56
3.57	3.65	3.55	3.59
3.59	3.70	3.58	3.69
3.68	3.88	3.66	3.86
3.81	3.83	3.68	3.70
3.78	3.79	3.63	3.66
3.70	3.89	3.68	3.85
3.81	3.81	3.72	3.76
3.67	3.87	3.66	3.82
3.82	3.88	3.78	3.79
3.82	3.92	3.81	3.85
3.83	3.89	3.79	3.81
3.83	3.86	3.75	3.80
3.86	4.06	3.86	4.04
4.25	4.35	4.25	4.32
4.23	4.33	4.13	4.32
4.42	4.47	4.33	4.42
4.62	4.69	4.56	4.59
4.59	4.71	4.54	4.66
4.60	4.65	4.42	4.43
4.53	4.70	4.52	4.68
4.74	4.80	4.62	4.66
4.74	4.97	4.70	4.95
4.88	5.05	4.83	5.02
5.01	5.01	4.92	4.99
5.03	5.33	4.99	5.23
5.27	5.39	5.18	5.18
5.14	5.31	5.09	5.26
5.27	5.31	5.21	5.23
5.26	5.29	5.12	5.21
5.23	5.23	5.10	5.18
5.33	5.38	5.07	5.12
5.21	5.25	5.11	5.25
5.27	5.33	5.14	5.23
5.27	5.30	5.18	5.26
5.28	5.37	5.22	5.36
5.16	5.18	4.87	4.91
5.02	5.03	4.52	4.68
4.67	4.77	4.57	4.57
4.59	4.60	4.44	4.54
4.56	4.82	4.50	4.76
4.80	4.92	4.73	4.76
4.79	4.85	4.64	4.82
4.86	4.89	4.81	4.85
4.87	4.89	4.78	4.84
4.80	4.86	4.72	4.81
4.81	4.96	4.81	4.96
4.97	5.10	4.97	5.03
5.09	5.15	4.90	4.90
4.97	5.23	4.94	5.23
5.18	5.37	5.15	5.27
5.16	5.32	5.06	5.31
5.25	5.30	5.10	5.11
5.21	5.21	4.98	5.03
5.06	5.20	4.98	5.11
5.11	5.16	5.07	5.11
5.04	5.16	5.01	5.13
5.10	5.19	5.05	5.10
5.10	5.14	4.97	4.98
5.05	5.10	4.99	5.10
5.11	5.21	5.11	5.21
5.21	5.26	5.19	5.19
5.23	5.35	5.20	5.29
5.29	5.33	5.25	5.27
5.29	5.45	5.26	5.45
5.46	5.60	5.46	5.49
5.53	5.58	5.36	5.52
5.48	5.66	5.46	5.66
5.64	5.64	5.47	5.48
5.50	5.56	5.38	5.39
5.46	5.61	5.46	5.61
5.61	5.78	5.57	5.78
5.75	5.76	5.58	5.72
5.72	5.73	5.54	5.55
5.53	5.67	5.51	5.63
5.64	5.67	5.56	5.58
5.62	5.66	5.53	5.57
5.57	5.63	5.53	5.62
5.62	5.64	5.52	5.52
5.53	5.58	5.47	5.56
5.59	5.62	5.46	5.50
5.51	5.53	5.38	5.44
5.41	5.48	5.37	5.42
5.46	5.50	5.39	5.42
5.41	5.42	5.19	5.19
5.07	5.19	5.00	5.04
5.10	5.29	5.06	5.27
5.30	5.32	5.14	5.21
5.16	5.24	5.10	5.20
5.23	5.58	5.22	5.54
5.59	5.66	5.38	5.48
5.52	5.62	5.40	5.57
5.56	5.61	5.48	5.56
5.52	5.54	5.43	5.50
5.50	5.51	5.43	5.46
5.42	5.42	5.24	5.28
5.30	5.45	5.19	5.19
5.22	5.28	5.12	5.28
5.28	5.28	5.12	5.14
5.19	5.23	5.08	5.12
5.15	5.16	4.92	5.02
5.05	5.32	4.98	5.31
5.27	5.28	5.10	5.10
5.10	5.24	5.05	5.24
5.22	5.35	5.21	5.27
5.34	5.34	5.05	5.05
5.10	5.12	4.96	5.01
5.28	5.63	5.16	5.53
5.56	5.59	5.40	5.40
5.38	5.59	5.32	5.55
5.55	5.58	5.43	5.47
5.47	5.50	5.29	5.39
5.44	5.56	5.38	5.45
5.44	5.45	5.32	5.33
5.33	5.53	5.30	5.51
5.47	5.70	5.40	5.62
5.62	5.71	5.54	5.64
5.62	5.64	5.53	5.56
5.54	5.58	5.46	5.50
5.50	5.55	5.46	5.46
5.53	5.55	5.46	5.48
5.50	5.64	5.48	5.60
5.59	5.68	5.57	5.61
5.62	5.67	5.57	5.62
5.61	5.67	5.56	5.67
5.59	5.65	5.37	5.39
5.40	5.48	5.30	5.37
5.44	5.50	5.40	5.47
5.44	5.44	5.17	5.20
5.25	5.36	5.14	5.32
5.35	5.41	5.32	5.35
5.41	5.43	5.32	5.33
5.35	5.36	5.15	5.17
5.22	5.37	5.19	5.27
5.28	5.33	5.21	5.26
5.26	5.31	5.21	5.27
5.28	5.29	5.13	5.17
5.17	5.23	5.08	5.16
5.19	5.24	5.15	5.24
5.23	5.23	5.10	5.16
5.10	5.24	5.05	5.12
5.16	5.19	5.05	5.06
5.09	5.17	5.04	5.05
5.10	5.13	4.94	4.97
5.01	5.34	5.00	5.32
5.29	5.30	5.18	5.20
5.23	5.34	5.23	5.33
5.32	5.39	5.25	5.36
5.33	5.45	5.30	5.44
5.48	5.60	5.46	5.58
5.58	5.61	5.52	5.55
5.72	5.96	5.70	5.93
5.88	6.00	5.85	5.94
5.95	6.20	5.95	6.11
6.07	6.26	6.04	6.24
6.28	6.30	5.96	5.98
5.98	6.09	5.98	6.01
6.01	6.01	5.79	5.79
5.83	5.88	5.64	5.85
5.75	5.77	5.60	5.60
5.70	5.76	5.55	5.55
5.49	5.49	5.35	5.38
5.37	5.38	5.20	5.20
5.14	5.38	5.14	5.26
5.30	5.46	5.27	5.42
5.48	5.66	5.47	5.59
5.64	5.74	5.55	5.59
5.54	5.68	5.46	5.63
5.68	5.72	5.48	5.51
5.64	5.67	5.54	5.54
5.62	5.90	5.61	5.90
5.93	6.09	5.83	5.91
5.92	6.05	5.91	5.99
5.98	6.10	5.97	6.08
6.14	6.19	6.03	6.06
6.17	6.20	5.98	5.99
6.10	6.14	5.86	5.92
6.04	6.04	5.86	5.89
5.94	6.18	5.94	6.18
6.18	6.37	6.12	6.31
6.35	6.53	6.34	6.45
6.42	6.42	6.26	6.31
6.42	6.55	6.40	6.54
6.51	6.70	6.40	6.59
6.61	6.73	6.44	6.49
6.56	6.62	6.45	6.51
6.45	6.57	6.39	6.56
6.57	6.67	6.57	6.64
6.61	6.66	6.50	6.53
6.51	6.57	6.42	6.42
6.48	6.54	6.45	6.48
6.49	6.53	6.40	6.50
6.52	6.58	6.46	6.54
6.60	6.65	6.52	6.54
6.56	6.62	6.51	6.60
6.60	6.91	6.58	6.91
6.94	6.98	6.89	6.91
6.92	7.11	6.87	7.06
7.04	7.20	7.02	7.16
7.20	7.35	7.20	7.28
7.34	7.34	7.14	7.20
7.32	7.49	7.23	7.24
7.32	7.33	7.17	7.21
7.22	7.29	7.21	7.29
7.38	7.82	7.38	7.63
7.71	7.80	7.63	7.72
7.76	7.77	7.41	7.42
7.51	7.71	7.44	7.71
7.76	7.77	7.52	7.55
7.57	7.76	7.57	7.67
7.71	7.73	7.54	7.67
7.67	7.91	7.63	7.86
7.85	8.24	7.81	8.24
8.22	8.46	8.19	8.25
8.35	8.41	8.11	8.21
8.40	8.70	8.36	8.65
8.74	8.87	8.65	8.84
8.78	8.78	8.58	8.64
8.87	9.24	8.85	9.21
9.20	9.20	8.78	9.05
9.15	9.32	9.11	9.27
9.26	9.63	9.26	9.43
9.41	9.41	8.96	9.18
9.37	9.54	9.33	9.43
9.31	9.53	9.12	9.26
9.35	9.48	9.00	9.12
9.37	9.43	9.07	9.35
9.49	9.52	9.30	9.41
9.38	9.39	9.03	9.11
9.16	9.28	9.10	9.13
9.15	9.20	8.54	8.58
8.39	8.72	8.22	8.48
8.69	8.72	8.29	8.37
8.54	8.70	8.43	8.57
8.40	8.72	8.40	8.70
8.87	9.29	8.81	9.28
9.37	9.45	8.95	9.04
9.10	9.21	8.99	9.08
9.04	9.32	8.92	9.01
9.14	9.27	9.06	9.25
9.35	9.42	9.06	9.14
9.22	9.24	8.93	9.02
8.99	9.01	8.35	8.55
8.22	8.30	7.88	8.15
8.40	8.64	8.26	8.59
8.72	8.82	8.44	8.70
8.78	8.79	8.49	8.50
8.42	8.69	8.17	8.68
8.51	8.76	8.43	8.64
8.60	8.77	8.59	8.73
8.82	9.06	8.82	8.87
8.96	9.08	8.83	9.05
9.12	9.12	8.91	8.95
9.00	9.22	8.96	9.18
9.11	9.19	8.91	9.15
9.17	9.29	9.10	9.12
9.11	9.18	9.01	9.15
9.16	9.28	9.11	9.20
9.26	9.33	9.15	9.32
9.26	9.29	9.04	9.16
9.11	9.30	8.98	9.26
9.32	9.70	9.30	9.63
9.62	9.92	9.52	9.57
9.64	9.73	9.45	9.49
9.56	9.91	9.55	9.90
9.91	9.98	9.68	9.74
9.85	10.17	9.82	10.10
9.98	10.53	9.96	10.52
10.53	10.68	10.29	10.41
10.38	10.70	10.23	10.67
10.66	11.07	10.63	10.81
10.84	10.97	10.58	10.74
10.82	10.87	10.59	10.75
10.78	10.98	10.77	10.89
10.88	10.98	10.71	10.81
10.85	10.97	10.77	10.77
10.83	10.86	10.46	10.49
10.53	10.78	10.49	10.72
10.78	10.83	10.14	10.36
10.70	11.09	10.54	10.99
10.82	11.16	10.62	11.14
11.22	11.80	11.21	11.78
12.01	12.18	11.17	11.22
11.31	11.55	10.86	10.99
11.13	11.31	10.85	11.28
11.38	11.45	11.02	11.03
10.82	11.18	10.77	10.93
10.86	11.35	10.79	11.24
11.28	11.33	10.75	10.83
10.58	10.68	10.44	10.61
10.66	11.10	10.64	11.04
11.25	11.25	10.92	11.23
11.25	11.29	10.86	11.11
11.20	11.25	11.04	11.23
11.18	11.40	11.14	11.35
11.34	11.35	11.06	11.06
11.03	11.03	10.61	10.74
10.84	11.38	10.78	11.38
11.29	11.47	11.23	11.38
11.43	11.45	11.24	11.24
11.34	11.39	11.11	11.21
11.28	11.28	10.98	11.13
11.13	11.42	10.98	11.00
11.07	11.28	11.00	11.20
11.23	11.38	11.19	11.33
11.33	11.60	11.31	11.44
11.46	11.63	11.31	11.63
11.70	11.95	11.64	11.87
11.97	12.07	11.86	11.94
12.05	12.39	11.98	12.25
12.35	12.45	12.14	12.30
12.33	12.33	11.79	11.95
12.02	12.23	11.90	12.11
12.11	12.16	11.96	12.13
12.13	12.23	11.97	12.13
12.13	12.29	12.08	12.16
12.18	12.25	12.14	12.25
12.27	12.33	12.02	12.16
12.18	12.23	11.86	11.90
12.01	12.32	11.92	12.32
12.08	12.32	12.08	12.21
12.09	12.31	11.94	12.22
12.22	12.29	12.11	12.18
12.14	12.57	12.11	12.56
12.61	13.04	12.60	13.01
13.01	13.25	12.79	12.94
13.04	13.54	13.02	13.54
13.49	13.75	13.39	13.49
13.41	13.57	13.29	13.40
13.53	13.66	13.06	13.35
13.44	13.59	13.26	13.57
13.52	13.98	13.50	13.98
13.91	14.17	13.89	13.96
14.11	14.26	13.69	13.91
13.90	14.16	13.72	14.13
14.18	14.25	13.98	14.02
13.75	13.81	13.42	13.44
13.49	14.23	13.49	14.23
14.36	14.51	14.16	14.42
14.08	14.16	13.74	14.11
13.89	14.27	13.78	13.93
14.10	14.22	13.90	14.12
14.38	14.64	14.28	14.40
14.61	14.68	14.24	14.31
14.48	14.52	13.93	13.94
13.91	13.97	13.36	13.54
13.49	13.87	12.89	13.08
13.29	13.68	12.92	13.55
13.62	14.12	13.55	13.97
13.71	14.30	13.51	14.25
14.38	14.47	13.98	14.07
14.49	14.96	14.28	14.70
14.55	14.74	14.36	14.54
14.57	14.71	14.39	14.45
14.47	14.52	13.96	14.12
13.90	14.44	13.83	14.10
13.25	13.50	12.93	13.21
12.99	13.29	12.49	12.55
12.19	12.51	11.79	12.49
12.66	13.34	12.45	13.12
13.16	13.68	12.93	13.20
13.58	13.60	12.99	13.06
12.99	12.99	11.69	11.93
11.02	11.59	10.75	11.32
9.74	10.58	9.68	9.89
11.24	11.74	10.56	11.73
11.24	11.68	9.96	10.58
8.99	9.70	7.63	8.61
10.61	10.68	8.54	10.28
8.74	9.92	8.51	8.63
9.02	9.41	8.20	8.86
8.00	8.40	6.61	7.34
6.87	7.83	6.24	7.48
8.19	9.01	7.60	7.72
8.12	8.22	7.38	7.60
8.42	9.44	8.42	9.10
9.22	10.83	9.17	9.91
10.15	11.09	10.05	10.34
9.66	10.17	9.40	9.75
10.24	10.49	9.94	10.47
10.61	10.79	9.69	9.74
9.34	9.77	9.01	9.49
9.54	9.66	8.77	8.92
8.83	8.90	8.32	8.76
9.59	9.83	9.30	9.59
10.35	10.64	10.01	10.01
10.06	10.54	9.85	10.51
10.69	10.91	10.30	10.43
10.26	10.51	10.16	10.49
10.71	10.84	10.57	10.74
10.51	11.07	10.36	10.99
11.15	11.49	11.04	11.43
11.66	11.71	10.96	11.11
10.92	12.12	10.80	12.10
12.36	13.03	12.26	12.65
12.95	13.11	12.13	12.32
12.08	12.27	10.66	11.96
12.29	12.49	11.99	12.34
12.74	12.94	12.52	12.93
13.14	13.21	12.52	12.69
12.45	12.87	12.26	12.42
11.99	12.91	11.81	12.87
13.02	13.19	12.52	12.73
13.04	14.00	12.99	13.83
14.11	14.53	13.33	14.24
14.29	14.39	13.67	13.90
13.84	14.12	13.62	13.73
13.86	14.23	13.50	13.70
13.88	13.97	13.59	13.82
13.68	13.91	13.44	13.81
13.73	14.05	13.56	13.70
14.11	14.16	13.76	13.95
13.97	14.80	13.91	14.60
14.73	14.86	14.20	14.25
14.38	14.76	14.25	14.56
14.46	14.81	14.27	14.54
14.77	15.23	14.70	15.15
15.78	17.01	15.77	16.23
16.70	16.92	16.17	16.88
16.79	16.87	16.11	16.32
16.31	16.40	15.98	16.19
15.98	16.15	15.67	15.96
16.13	16.23	15.34	15.45
15.70	15.85	15.03	15.47
15.39	15.52	14.99	15.11
15.45	15.49	14.61	14.80
14.99	15.80	14.81	15.63
15.28	15.90	15.21	15.53
15.73	16.22	15.27	15.99
15.69	16.23	15.61	15.92
15.69	16.47	15.54	16.43
16.72	16.85	16.13	16.43
16.58	17.15	16.46	16.88
16.78	17.71	16.46	17.47
17.72	17.91	17.59	17.75
17.88	18.06	17.53	17.73
17.87	18.00	17.53	17.61
17.53	17.87	17.03	17.40
17.46	17.66	17.17	17.35
17.35	17.71	17.14	17.31
17.52	17.66	17.07	17.66
17.44	18.20	17.39	17.85
17.97	18.10	17.70	18.00
18.17	18.29	17.44	17.48
17.53	17.99	17.31	17.98
18.18	18.27	17.88	17.99
17.95	18.68	17.75	18.68
18.79	19.23	18.68	19.23
19.23	19.87	19.04	19.79
19.80	20.23	19.72	20.01
20.13	20.53	20.03	20.14
20.16	20.56	19.84	20.11
20.30	20.45	20.19	20.32
20.25	20.43	19.76	20.03
20.19	20.53	20.16	20.50
20.57	21.77	20.50	21.77
22.24	22.35	20.91	21.04
20.66	21.49	20.60	21.15
21.31	21.31	19.60	20.17
19.95	19.95	19.28	19.85
20.17	20.46	19.60	19.78
19.71	20.25	19.61	20.03
20.26	20.33	19.86	20.02
19.82	20.94	19.82	20.93
21.13	21.19	20.00	20.23
20.48	20.70	19.94	20.53
20.46	20.80	20.21	20.64
20.88	21.11	20.73	20.76
20.91	21.55	20.88	21.49
21.29	21.88	21.09	21.41
21.55	21.57	20.28	20.45
20.71	20.75	20.06	20.17
20.33	20.53	19.80	19.96
20.15	21.00	19.87	20.15
20.23	20.60	20.05	20.49
20.66	20.87	19.85	20.61
21.38	22.45	21.00	22.36
22.29	22.56	22.06	22.41
22.04	22.07	21.54	21.76
21.74	22.18	21.60	21.75
22.00	22.25	21.65	21.81
21.92	22.18	21.85	22.00
22.02	22.88	22.00	22.54
22.61	23.06	22.61	23.06
23.17	23.75	23.00	23.74
23.63	23.63	23.09	23.34
23.55	24.06	23.42	23.86
23.98	24.11	23.25	23.47
23.45	23.58	21.80	22.08
22.36	22.61	20.87	22.14
21.76	22.38	21.38	21.85
22.26	22.86	22.26	22.84
22.85	23.42	21.78	22.14
22.34	22.60	21.78	21.85
22.30	22.97	22.25	22.57
22.85	23.11	22.27	22.43
22.46	22.73	22.16	22.30
22.15	22.33	21.67	21.79
21.90	22.39	21.54	21.78
21.31	22.29	21.08	22.18
22.40	22.55	21.88	22.31
22.37	22.49	21.55	21.58
21.73	22.45	21.43	22.33
22.10	22.78	21.88	22.65
22.90	23.07	21.76	21.90
21.89	22.21	21.64	21.90
22.03	22.48	21.81	22.40
22.34	22.99	22.30	22.97
22.76	22.92	21.91	22.03
22.44	22.68	22.07	22.53
22.75	22.80	22.22	22.31
22.43	22.69	22.23	22.25
22.45	23.00	22.28	22.93
22.98	24.65	22.90	24.59
24.88	26.10	24.88	26.00
26.50	27.25	25.04	25.68
25.02	26.07	25.00	25.59
25.76	26.05	25.16	25.83
26.11	26.30	25.35	25.64
25.80	26.14	25.65	26.06
26.00	26.80	25.96	26.26
26.35	26.40	26.00	26.16
26.10	26.21	25.65	25.96
25.80	26.10	25.11	25.51
25.53	25.75	25.12	25.30
24.80	25.24	24.40	24.44
24.40	25.58	23.88	25.31
25.15	25.30	24.16	24.83
25.28	25.39	24.75	24.99
25.40	26.63	25.37	26.19
26.88	27.70	26.74	27.45
27.00	27.36	26.51	27.33
28.15	28.31	26.35	26.45
26.01	27.12	25.18	25.22
25.40	26.21	25.28	25.58
25.53	25.95	24.91	25.48
25.76	25.78	24.86	25.10
25.30	25.39	24.27	24.85
24.75	25.27	24.53	24.73
24.70	24.73	24.07	24.54
24.53	24.72	23.82	24.64
24.94	24.95	24.01	24.20
24.30	24.37	23.22	23.42
23.37	23.97	22.90	23.70
23.67	24.31	23.52	24.00
23.90	24.30	23.82	24.25
24.32	24.55	23.92	24.19
24.20	24.69	23.22	23.38
23.65	23.77	22.60	22.88
22.88	23.17	22.75	23.05
23.08	23.60	22.93	23.30
23.42	23.85	23.17	23.66
23.66	24.27	23.43	23.80
23.73	24.95	23.61	24.95
24.95	25.06	23.81	23.98
24.10	24.16	23.17	23.40
23.09	23.53	22.72	22.99
23.00	24.22	22.87	24.05
24.16	24.82	23.64	24.61
24.50	24.97	24.17	24.96
24.86	25.11	24.36	24.54
24.48	24.63	24.10	24.52
23.93	25.38	23.61	25.00
25.29	25.42	24.85	25.16
25.25	25.63	24.97	24.97
24.78	25.33	24.40	25.25
25.23	25.56	25.02	25.28
25.37	25.66	24.95	24.95
25.26	25.58	24.87	25.20
25.10	25.18	24.34	24.76
24.65	24.66	23.42	23.44
23.64	23.85	22.95	23.16
23.19	24.30	23.02	23.84
23.50	23.85	23.33	23.49
23.60	24.32	23.25	24.20
24.20	24.20	23.55	24.02
24.15	24.16	23.50	23.73
23.42	24.11	23.35	23.96
24.05	24.65	23.91	24.45
24.54	24.95	23.82	24.08
24.18	25.53	24.12	25.42
25.40	25.65	24.85	25.49
25.13	26.30	25.10	25.99
26.25	27.07	25.67	25.75
25.72	26.39	25.35	25.79
25.87	26.50	25.39	26.19
25.74	26.08	25.03	25.27
25.68	25.74	24.75	24.93
25.30	25.73	25.20	25.30
25.44	25.77	25.04	25.65
25.64	26.20	25.16	25.31
25.38	26.09	25.38	25.85
25.85	26.40	25.52	26.16
26.16	26.45	25.90	26.24
26.10	26.12	25.11	25.30
25.50	25.95	25.41	25.65
25.52	25.98	25.35	25.91
25.72	26.21	25.46	25.50
25.50	25.59	24.80	25.04
24.92	25.39	24.19	24.94
24.23	24.52	23.66	24.25
24.30	25.08	23.85	24.86
24.93	25.10	24.20	24.64
24.59	25.02	23.81	24.06
24.08	24.96	23.98	24.18
24.56	25.00	24.17	24.55
24.29	24.60	23.59	24.27
24.53	25.28	23.50	25.12
25.11	25.70	24.88	25.44
25.19	25.34	24.56	25.13
24.69	24.77	23.10	23.10
23.55	23.97	23.31	23.39
23.75	25.09	23.47	24.90
25.07	25.08	24.46	24.80
24.60	24.90	24.27	24.57
24.35	24.76	23.55	23.62
23.82	24.39	23.60	24.07
23.86	24.05	23.41	23.90
23.76	23.85	22.07	22.48
22.48	22.65	22.03	22.26
22.40	22.73	21.45	21.90
21.80	22.03	21.35	21.42
21.48	21.51	20.21	20.29
20.05	20.97	19.97	20.27
20.40	20.70	19.70	20.05
19.93	20.05	19.40	19.61
19.49	20.32	19.42	20.03
20.16	20.46	19.67	20.15
20.28	21.02	20.05	20.36
20.60	20.73	19.93	20.34
20.34	20.72	20.06	20.59
20.50	20.53	20.03	20.09
20.23	21.90	20.21	21.80
21.65	22.02	21.60	21.66
21.78	21.93	21.60	21.61
21.72	22.29	21.48	22.20
22.35	22.35	21.87	22.10
22.22	22.52	22.10	22.15
22.19	22.25	21.76	21.90
21.91	22.15	21.54	21.62
21.64	21.80	21.42	21.50
21.71	21.85	21.11	21.20
21.26	21.73	21.13	21.69
21.61	21.81	21.50	21.66
21.60	21.65	20.91	20.91
20.94	21.10	20.58	20.70
20.63	20.67	19.91	20.35
20.10	20.39	19.87	20.04
20.11	20.25	19.90	20.08
20.18	20.23	19.64	19.67
19.85	20.09	19.68	19.93
19.85	19.95	19.30	19.45
19.58	19.90	19.33	19.79
19.89	19.98	19.05	19.16
19.00	19.39	18.66	19.33
19.00	19.15	18.50	18.51
18.81	19.25	18.73	19.14
19.60	19.74	18.97	19.16
19.12	19.22	18.73	18.82
18.83	19.41	18.77	18.97
18.76	19.12	18.54	18.61
18.68	18.88	18.60	18.69
18.75	18.78	18.25	18.53
18.55	20.06	18.51	20.04
20.20	20.66	20.02	20.08
20.36	20.39	19.65	19.70
19.74	19.84	19.47	19.59
19.70	20.42	19.62	20.21
20.26	20.40	19.98	20.16
20.26	20.65	20.21	20.36
20.41	21.26	20.25	20.50
20.61	21.05	20.51	20.84
20.94	20.99	20.57	20.81
21.09	21.43	20.85	21.10
21.05	21.09	20.22	20.25
20.34	20.39	19.93	20.24
20.28	20.48	19.99	20.35
20.44	20.73	20.38	20.56
20.56	21.18	20.48	20.90
20.95	21.00	20.06	20.32
20.30	21.38	20.08	21.37
21.31	21.51	21.02	21.11
21.17	21.32	20.88	21.28
21.33	21.34	20.66	21.01
20.95	21.22	20.51	20.56
20.80	21.73	20.70	21.71
21.77	21.93	21.06	21.32
21.39	21.84	21.12	21.53
21.53	21.69	21.05	21.64
21.53	21.60	21.01	21.06
21.22	21.27	20.42	20.66
20.80	21.69	20.76	21.63
21.50	21.60	21.13	21.40
21.14	21.43	20.95	21.02
21.30	22.15	21.28	22.09
21.68	22.07	21.48	22.00
22.06	22.40	21.95	22.05
21.97	22.54	21.77	22.48
22.60	22.93	22.51	22.91
23.90	24.57	23.64	23.64
23.82	24.34	23.80	23.80
23.65	23.88	22.96	23.11
23.20	23.38	22.70	23.26
23.27	23.52	22.97	23.50
23.39	23.52	23.05	23.20
22.80	22.93	22.21	22.56
22.73	22.76	22.01	22.01
22.08	22.16	21.10	21.44
21.59	21.78	21.22	21.54
21.58	22.15	21.40	21.67
21.44	21.70	20.55	20.56
20.91	21.07	20.56	20.56
20.60	20.65	19.72	20.40
20.29	20.32	19.72	19.91
20.12	20.75	19.99	20.20
20.53	20.88	20.14	20.70
20.57	20.88	20.43	20.48
20.53	20.76	20.13	20.35
20.41	20.98	20.15	20.97
20.74	21.26	20.54	20.77
21.10	21.17	19.88	20.30
20.23	20.40	19.20	19.24
19.28	19.66	18.71	19.18
19.42	19.50	18.63	18.74
18.58	19.08	18.11	18.99
18.70	19.00	18.40	18.76
19.02	19.05	18.02	18.06
18.34	19.34	18.15	19.26
19.12	19.57	19.03	19.56
19.47	19.70	18.69	18.78
18.92	19.15	18.76	18.93
18.94	19.10	18.49	18.89
18.75	19.06	18.14	18.25
18.36	18.86	18.28	18.51
18.66	18.66	17.86	17.98
18.10	18.90	17.90	18.80
18.86	19.50	18.76	19.46
19.25	19.33	18.65	18.73
18.90	19.42	17.96	18.96
19.06	19.12	17.18	17.23
17.59	18.04	17.43	17.50
17.54	17.78	16.85	17.04
17.08	17.13	16.49	16.64
16.45	16.62	16.11	16.31
16.31	16.77	15.86	16.57
16.24	16.41	15.79	16.06
16.16	16.61	15.82	16.40
16.60	16.72	16.16	16.39
16.40	16.52	15.80	15.80
15.68	15.73	15.36	15.61
15.52	15.72	14.92	14.98
14.81	14.96	14.02	14.11
14.30	14.51	13.76	13.80
13.98	14.71	13.92	14.34
14.40	14.71	14.07	14.56
14.25	14.28	13.53	13.70
13.80	14.13	13.54	13.61
13.49	14.60	13.15	14.52
14.60	14.84	14.00	14.04
14.26	15.35	14.26	15.12
15.04	15.06	14.35	14.39
14.42	14.65	14.29	14.51
14.60	14.63	14.10	14.17
14.21	14.65	14.10	14.53
14.39	14.44	14.02	14.32
14.11	14.28	13.59	13.78
13.84	13.89	13.13	13.17
12.89	13.20	12.28	12.40
12.35	12.95	11.86	12.52
12.49	12.83	12.27	12.34
12.29	12.35	11.73	11.93
12.07	12.43	11.54	11.61
11.49	11.76	11.07	11.15
11.24	11.36	10.73	10.82
10.87	11.43	10.86	11.31
11.19	11.74	10.99	11.74
11.50	11.82	10.93	11.08
11.22	12.62	11.16	12.56
12.31	12.66	11.87	11.93
12.05	13.80	12.05	13.13
13.20	13.54	12.82	13.02
13.30	14.26	13.12	13.65
12.65	12.78	11.15	11.15
11.19	11.40	9.74	9.74
9.91	10.14	9.19	9.27
9.36	9.60	8.99	8.99
9.05	9.87	8.94	9.27
9.40	9.68	8.81	8.84
9.00	9.05	8.47	8.60
8.50	9.01	8.45	8.82
8.84	9.04	8.61	8.70
8.48	8.57	8.03	8.06
8.19	8.47	7.98	8.04
7.99	8.11	7.60	7.80
8.05	8.10	6.88	6.88
6.95	7.19	6.45	6.76
6.78	7.28	6.72	7.05
7.15	7.44	7.10	7.30
7.49	7.72	7.37	7.62
7.56	7.57	6.63	6.81
6.76	6.76	6.21	6.28
6.43	6.51	6.01	6.37
6.38	6.72	6.05	6.05
6.15	6.20	5.73	5.74
5.71	6.24	5.62	6.17
6.28	6.51	6.13	6.40
6.19	6.73	6.06	6.66
6.42	6.72	6.24	6.33
6.42	6.61	6.22	6.42
6.42	6.61	6.14	6.16
6.22	6.34	5.99	6.20
6.23	6.78	6.23	6.78
6.79	6.96	6.64	6.83
6.84	6.90	6.70	6.76
6.80	7.41	6.77	7.22
7.41	7.41	6.67	6.72
6.78	6.94	6.45	6.61
6.52	6.73	6.37	6.42
6.46	6.53	6.13	6.25
6.27	6.64	6.11	6.22
6.14	6.15	5.74	5.74
5.75	6.01	5.72	5.87
5.90	6.37	5.78	6.31
6.25	6.28	5.90	6.09
6.11	6.42	6.08	6.33
6.27	6.38	6.12	6.12
6.08	6.23	5.89	5.89
6.01	6.60	6.01	6.31
6.36	6.81	6.35	6.65
6.54	7.08	6.46	6.90
6.89	7.00	6.39	6.39
6.36	6.76	6.20	6.72
6.95	7.08	6.60	6.75
6.91	7.28	6.88	7.22
7.21	7.23	6.62	6.71
6.80	7.11	6.67	7.00
7.00	7.33	6.88	7.01
7.09	7.25	6.44	6.51
6.60	6.85	6.34	6.53
6.55	6.60	6.20	6.33
6.33	6.60	6.23	6.31
6.31	6.54	6.24	6.54
6.59	6.85	6.38	6.60
6.67	6.98	6.43	6.94
6.98	7.02	6.30	6.35
6.35	6.62	6.32	6.48
6.61	6.84	6.61	6.84
6.83	6.98	6.72	6.82
6.81	6.93	6.59	6.63
6.72	6.82	6.36	6.39
6.42	6.45	6.02	6.02
6.17	6.31	6.01	6.07
6.14	6.49	5.91	5.91
5.55	6.16	5.33	6.12
6.19	6.27	5.86	6.01
5.95	6.34	5.94	6.31
6.33	6.48	6.15	6.31
6.29	6.41	6.11	6.29
6.22	6.34	5.80	5.85
6.05	6.25	5.75	6.05
6.23	6.52	6.17	6.23
6.15	6.16	5.82	5.96
6.03	6.30	5.69	5.69
